2500,3000000,0.36988000000000015,0,0.9684
2500,3000000,0.36988000000000015,500,0.4708
2500,3000000,0.36988000000000015,1000,0.5152
2500,3000000,0.36988000000000015,1500,0.47
2500,3000000,0.36988000000000015,2000,0.5488
2500,3000000,0.36988000000000015,2500,0.486
2500,3000000,0.36988000000000015,3000,0.492
2500,3000000,0.36988000000000015,3500,0.4856
2500,3000000,0.36988000000000015,4000,0.4908
2500,3000000,0.36988000000000015,4500,0.4176
2500,3000000,0.36988000000000015,5000,0.4456
2500,3000000,0.36988000000000015,5500,0.4108
2500,3000000,0.36988000000000015,6000,0.3972
2500,3000000,0.36988000000000015,6500,0.4136
2500,3000000,0.36988000000000015,7000,0.4128
2500,3000000,0.36988000000000015,7500,0.4372
2500,3000000,0.36988000000000015,8000,0.4532
2500,3000000,0.36988000000000015,8500,0.4156
2500,3000000,0.36988000000000015,9000,0.4184
2500,3000000,0.36988000000000015,9500,0.3968
2500,3000000,0.36988000000000015,10000,0.4368
2500,3000000,0.36988000000000015,10500,0.4024
2500,3000000,0.36988000000000015,11000,0.3356
2500,3000000,0.36988000000000015,11500,0.3872
2500,3000000,0.36988000000000015,12000,0.4496
2500,3000000,0.36988000000000015,12500,0.4532
2500,3000000,0.36988000000000015,13000,0.4736
2500,3000000,0.36988000000000015,13500,0.4392
2500,3000000,0.36988000000000015,14000,0.4164
2500,3000000,0.36988000000000015,14500,0.416
2500,3000000,0.36988000000000015,15000,0.3972
2500,3000000,0.36988000000000015,15500,0.3024
2500,3000000,0.36988000000000015,16000,0.392
2500,3000000,0.36988000000000015,16500,0.3896
2500,3000000,0.36988000000000015,17000,0.4112
2500,3000000,0.36988000000000015,17500,0.4192
2500,3000000,0.36988000000000015,18000,0.3976
2500,3000000,0.36988000000000015,18500,0.35
2500,3000000,0.36988000000000015,19000,0.3808
2500,3000000,0.36988000000000015,19500,0.3728
2500,3000000,0.36988000000000015,20000,0.3356
2500,3000000,0.36988000000000015,20500,0.3116
2500,3000000,0.36988000000000015,21000,0.3172
2500,3000000,0.36988000000000015,21500,0.3484
2500,3000000,0.36988000000000015,22000,0.3264
2500,3000000,0.36988000000000015,22500,0.3528
2500,3000000,0.36988000000000015,23000,0.3264
2500,3000000,0.36988000000000015,23500,0.2724
2500,3000000,0.36988000000000015,24000,0.2548
2500,3000000,0.36988000000000015,24500,0.3044
2500,3000000,0.36988000000000015,25000,0.326
2500,3000000,0.36988000000000015,25500,0.3264
2500,3000000,0.36988000000000015,26000,0.2616
2500,3000000,0.36988000000000015,26500,0.3132
2500,3000000,0.36988000000000015,27000,0.2728
2500,3000000,0.36988000000000015,27500,0.1732
2500,3000000,0.36988000000000015,28000,0.1792
2500,3000000,0.36988000000000015,28500,0.256
2500,3000000,0.36988000000000015,29000,0.2012
2500,3000000,0.36988000000000015,29500,0.208
2500,3000000,0.36988000000000015,30000,0.21
2500,3000000,0.36988000000000015,30500,0.1956
2500,3000000,0.36988000000000015,31000,0.2
2500,3000000,0.36988000000000015,31500,0.2156
2500,3000000,0.36988000000000015,32000,0.2596
2500,3000000,0.36988000000000015,32500,0.2528
2500,3000000,0.36988000000000015,33000,0.2924
2500,3000000,0.36988000000000015,33500,0.3384
2500,3000000,0.36988000000000015,34000,0.3244
2500,3000000,0.36988000000000015,34500,0.3284
2500,3000000,0.36988000000000015,35000,0.328
2500,3000000,0.36988000000000015,35500,0.3016
2500,3000000,0.36988000000000015,36000,0.2972
2500,3000000,0.36988000000000015,36500,0.3344
2500,3000000,0.36988000000000015,37000,0.2844
2500,3000000,0.36988000000000015,37500,0.292
2500,3000000,0.36988000000000015,38000,0.274
2500,3000000,0.36988000000000015,38500,0.2268
2500,3000000,0.36988000000000015,39000,0.274
2500,3000000,0.36988000000000015,39500,0.2508
2500,3000000,0.36988000000000015,40000,0.2524
2500,3000000,0.36988000000000015,40500,0.2076
2500,3000000,0.36988000000000015,41000,0.2292
2500,3000000,0.36988000000000015,41500,0.21
2500,3000000,0.36988000000000015,42000,0.28
2500,3000000,0.36988000000000015,42500,0.312
2500,3000000,0.36988000000000015,43000,0.2828
2500,3000000,0.36988000000000015,43500,0.3352
2500,3000000,0.36988000000000015,44000,0.2752
2500,3000000,0.36988000000000015,44500,0.2612
2500,3000000,0.36988000000000015,45000,0.3152
2500,3000000,0.36988000000000015,45500,0.3252
2500,3000000,0.36988000000000015,46000,0.26
2500,3000000,0.36988000000000015,46500,0.278
2500,3000000,0.36988000000000015,47000,0.3048
2500,3000000,0.36988000000000015,47500,0.3048
2500,3000000,0.36988000000000015,48000,0.3316
2500,3000000,0.36988000000000015,48500,0.2772
2500,3000000,0.36988000000000015,49000,0.2312
2500,3000000,0.36988000000000015,49500,0.2108
2500,3000000,0.36988000000000015,50000,0.1908
2500,3000000,0.36988000000000015,50500,0.236
2500,3000000,0.36988000000000015,51000,0.2264
2500,3000000,0.36988000000000015,51500,0.1904
2500,3000000,0.36988000000000015,52000,0.216
2500,3000000,0.36988000000000015,52500,0.2384
2500,3000000,0.36988000000000015,53000,0.2516
2500,3000000,0.36988000000000015,53500,0.2648
2500,3000000,0.36988000000000015,54000,0.2736
2500,3000000,0.36988000000000015,54500,0.2328
2500,3000000,0.36988000000000015,55000,0.2676
2500,3000000,0.36988000000000015,55500,0.2928
2500,3000000,0.36988000000000015,56000,0.2828
2500,3000000,0.36988000000000015,56500,0.2824
2500,3000000,0.36988000000000015,57000,0.2232
2500,3000000,0.36988000000000015,57500,0.222
2500,3000000,0.36988000000000015,58000,0.2924
2500,3000000,0.36988000000000015,58500,0.2728
2500,3000000,0.36988000000000015,59000,0.2344
2500,3000000,0.36988000000000015,59500,0.2924
2500,3000000,0.36988000000000015,60000,0.2776
2500,3000000,0.36988000000000015,60500,0.3348
2500,3000000,0.36988000000000015,61000,0.3012
2500,3000000,0.36988000000000015,61500,0.3552
2500,3000000,0.36988000000000015,62000,0.3576
2500,3000000,0.36988000000000015,62500,0.4076
2500,3000000,0.36988000000000015,63000,0.4316
2500,3000000,0.36988000000000015,63500,0.3916
2500,3000000,0.36988000000000015,64000,0.378
2500,3000000,0.36988000000000015,64500,0.3804
2500,3000000,0.36988000000000015,65000,0.304
2500,3000000,0.36988000000000015,65500,0.3196
2500,3000000,0.36988000000000015,66000,0.3192
2500,3000000,0.36988000000000015,66500,0.2376
2500,3000000,0.36988000000000015,67000,0.2464
2500,3000000,0.36988000000000015,67500,0.2452
2500,3000000,0.36988000000000015,68000,0.2764
2500,3000000,0.36988000000000015,68500,0.2376
2500,3000000,0.36988000000000015,69000,0.2464
2500,3000000,0.36988000000000015,69500,0.2176
2500,3000000,0.36988000000000015,70000,0.2036
2500,3000000,0.36988000000000015,70500,0.214
2500,3000000,0.36988000000000015,71000,0.2224
2500,3000000,0.36988000000000015,71500,0.2476
2500,3000000,0.36988000000000015,72000,0.2392
2500,3000000,0.36988000000000015,72500,0.2228
2500,3000000,0.36988000000000015,73000,0.2832
2500,3000000,0.36988000000000015,73500,0.2492
2500,3000000,0.36988000000000015,74000,0.2592
2500,3000000,0.36988000000000015,74500,0.2416
2500,3000000,0.36988000000000015,75000,0.3016
2500,3000000,0.36988000000000015,75500,0.2604
2500,3000000,0.36988000000000015,76000,0.3016
2500,3000000,0.36988000000000015,76500,0.2724
2500,3000000,0.36988000000000015,77000,0.2924
2500,3000000,0.36988000000000015,77500,0.2524
2500,3000000,0.36988000000000015,78000,0.236
2500,3000000,0.36988000000000015,78500,0.2368
2500,3000000,0.36988000000000015,79000,0.2316
2500,3000000,0.36988000000000015,79500,0.2148
2500,3000000,0.36988000000000015,80000,0.218
2500,3000000,0.36988000000000015,80500,0.2304
2500,3000000,0.36988000000000015,81000,0.2348
2500,3000000,0.36988000000000015,81500,0.2416
2500,3000000,0.36988000000000015,82000,0.288
2500,3000000,0.36988000000000015,82500,0.3572
2500,3000000,0.36988000000000015,83000,0.3092
2500,3000000,0.36988000000000015,83500,0.2728
2500,3000000,0.36988000000000015,84000,0.2488
2500,3000000,0.36988000000000015,84500,0.2984
2500,3000000,0.36988000000000015,85000,0.3128
2500,3000000,0.36988000000000015,85500,0.3196
2500,3000000,0.36988000000000015,86000,0.3044
2500,3000000,0.36988000000000015,86500,0.3252
2500,3000000,0.36988000000000015,87000,0.2592
2500,3000000,0.36988000000000015,87500,0.3032
2500,3000000,0.36988000000000015,88000,0.2524
2500,3000000,0.36988000000000015,88500,0.2472
2500,3000000,0.36988000000000015,89000,0.3036
2500,3000000,0.36988000000000015,89500,0.3264
2500,3000000,0.36988000000000015,90000,0.3624
2500,3000000,0.36988000000000015,90500,0.3644
2500,3000000,0.36988000000000015,91000,0.3212
2500,3000000,0.36988000000000015,91500,0.3056
2500,3000000,0.36988000000000015,92000,0.2288
2500,3000000,0.36988000000000015,92500,0.2644
2500,3000000,0.36988000000000015,93000,0.2772
2500,3000000,0.36988000000000015,93500,0.2244
2500,3000000,0.36988000000000015,94000,0.2204
2500,3000000,0.36988000000000015,94500,0.2324
2500,3000000,0.36988000000000015,95000,0.2892
2500,3000000,0.36988000000000015,95500,0.3248
2500,3000000,0.36988000000000015,96000,0.3784
2500,3000000,0.36988000000000015,96500,0.4024
2500,3000000,0.36988000000000015,97000,0.3844
2500,3000000,0.36988000000000015,97500,0.3408
2500,3000000,0.36988000000000015,98000,0.288
2500,3000000,0.36988000000000015,98500,0.268
2500,3000000,0.36988000000000015,99000,0.2624
2500,3000000,0.36988000000000015,99500,0.26
2500,3000000,0.36988000000000015,100000,0.3076
2500,3000000,0.36988000000000015,100500,0.3344
2500,3000000,0.36988000000000015,101000,0.406
2500,3000000,0.36988000000000015,101500,0.4116
2500,3000000,0.36988000000000015,102000,0.3892
2500,3000000,0.36988000000000015,102500,0.3164
2500,3000000,0.36988000000000015,103000,0.3728
2500,3000000,0.36988000000000015,103500,0.364
2500,3000000,0.36988000000000015,104000,0.3056
2500,3000000,0.36988000000000015,104500,0.3592
2500,3000000,0.36988000000000015,105000,0.3444
2500,3000000,0.36988000000000015,105500,0.4172
2500,3000000,0.36988000000000015,106000,0.416
2500,3000000,0.36988000000000015,106500,0.4004
2500,3000000,0.36988000000000015,107000,0.4456
2500,3000000,0.36988000000000015,107500,0.4188
2500,3000000,0.36988000000000015,108000,0.5024
2500,3000000,0.36988000000000015,108500,0.4112
2500,3000000,0.36988000000000015,109000,0.394
2500,3000000,0.36988000000000015,109500,0.4248
2500,3000000,0.36988000000000015,110000,0.4208
2500,3000000,0.36988000000000015,110500,0.454
2500,3000000,0.36988000000000015,111000,0.4728
2500,3000000,0.36988000000000015,111500,0.4356
2500,3000000,0.36988000000000015,112000,0.4276
2500,3000000,0.36988000000000015,112500,0.396
2500,3000000,0.36988000000000015,113000,0.4576
2500,3000000,0.36988000000000015,113500,0.3628
2500,3000000,0.36988000000000015,114000,0.3756
2500,3000000,0.36988000000000015,114500,0.3224
2500,3000000,0.36988000000000015,115000,0.3044
2500,3000000,0.36988000000000015,115500,0.326
2500,3000000,0.36988000000000015,116000,0.4008
2500,3000000,0.36988000000000015,116500,0.3404
2500,3000000,0.36988000000000015,117000,0.4392
2500,3000000,0.36988000000000015,117500,0.468
2500,3000000,0.36988000000000015,118000,0.366
2500,3000000,0.36988000000000015,118500,0.4572
2500,3000000,0.36988000000000015,119000,0.4812
2500,3000000,0.36988000000000015,119500,0.3996
2500,3000000,0.36988000000000015,120000,0.4448
2500,3000000,0.36988000000000015,120500,0.3772
2500,3000000,0.36988000000000015,121000,0.4308
2500,3000000,0.36988000000000015,121500,0.4368
2500,3000000,0.36988000000000015,122000,0.412
2500,3000000,0.36988000000000015,122500,0.4948
2500,3000000,0.36988000000000015,123000,0.4016
2500,3000000,0.36988000000000015,123500,0.398
2500,3000000,0.36988000000000015,124000,0.362
2500,3000000,0.36988000000000015,124500,0.424
2500,3000000,0.36988000000000015,125000,0.3176
2500,3000000,0.36988000000000015,125500,0.3784
2500,3000000,0.36988000000000015,126000,0.3892
2500,3000000,0.36988000000000015,126500,0.3424
2500,3000000,0.36988000000000015,127000,0.3184
2500,3000000,0.36988000000000015,127500,0.36
2500,3000000,0.36988000000000015,128000,0.4064
2500,3000000,0.36988000000000015,128500,0.3796
2500,3000000,0.36988000000000015,129000,0.2932
2500,3000000,0.36988000000000015,129500,0.2936
2500,3000000,0.36988000000000015,130000,0.3016
2500,3000000,0.36988000000000015,130500,0.232
2500,3000000,0.36988000000000015,131000,0.2336
2500,3000000,0.36988000000000015,131500,0.252
2500,3000000,0.36988000000000015,132000,0.3304
2500,3000000,0.36988000000000015,132500,0.2936
2500,3000000,0.36988000000000015,133000,0.308
2500,3000000,0.36988000000000015,133500,0.3216
2500,3000000,0.36988000000000015,134000,0.2824
2500,3000000,0.36988000000000015,134500,0.2896
2500,3000000,0.36988000000000015,135000,0.3016
2500,3000000,0.36988000000000015,135500,0.3392
2500,3000000,0.36988000000000015,136000,0.2768
2500,3000000,0.36988000000000015,136500,0.2416
2500,3000000,0.36988000000000015,137000,0.2728
2500,3000000,0.36988000000000015,137500,0.24
2500,3000000,0.36988000000000015,138000,0.2564
2500,3000000,0.36988000000000015,138500,0.2344
2500,3000000,0.36988000000000015,139000,0.2668
2500,3000000,0.36988000000000015,139500,0.284
2500,3000000,0.36988000000000015,140000,0.2656
2500,3000000,0.36988000000000015,140500,0.3088
2500,3000000,0.36988000000000015,141000,0.3664
2500,3000000,0.36988000000000015,141500,0.3172
2500,3000000,0.36988000000000015,142000,0.352
2500,3000000,0.36988000000000015,142500,0.2752
2500,3000000,0.36988000000000015,143000,0.3292
2500,3000000,0.36988000000000015,143500,0.322
2500,3000000,0.36988000000000015,144000,0.352
2500,3000000,0.36988000000000015,144500,0.3728
2500,3000000,0.36988000000000015,145000,0.3588
2500,3000000,0.36988000000000015,145500,0.4036
2500,3000000,0.36988000000000015,146000,0.3984
2500,3000000,0.36988000000000015,146500,0.3916
2500,3000000,0.36988000000000015,147000,0.3748
2500,3000000,0.36988000000000015,147500,0.3804
2500,3000000,0.36988000000000015,148000,0.4116
2500,3000000,0.36988000000000015,148500,0.344
2500,3000000,0.36988000000000015,149000,0.3332
2500,3000000,0.36988000000000015,149500,0.394
2500,3000000,0.36988000000000015,150000,0.3612
2500,3000000,0.36988000000000015,150500,0.2976
2500,3000000,0.36988000000000015,151000,0.3256
2500,3000000,0.36988000000000015,151500,0.2996
2500,3000000,0.36988000000000015,152000,0.362
2500,3000000,0.36988000000000015,152500,0.3272
2500,3000000,0.36988000000000015,153000,0.3604
2500,3000000,0.36988000000000015,153500,0.358
2500,3000000,0.36988000000000015,154000,0.3108
2500,3000000,0.36988000000000015,154500,0.3564
2500,3000000,0.36988000000000015,155000,0.3904
2500,3000000,0.36988000000000015,155500,0.3372
2500,3000000,0.36988000000000015,156000,0.4252
2500,3000000,0.36988000000000015,156500,0.4192
2500,3000000,0.36988000000000015,157000,0.4348
2500,3000000,0.36988000000000015,157500,0.4036
2500,3000000,0.36988000000000015,158000,0.4068
2500,3000000,0.36988000000000015,158500,0.4508
2500,3000000,0.36988000000000015,159000,0.4052
2500,3000000,0.36988000000000015,159500,0.4564
2500,3000000,0.36988000000000015,160000,0.3696
2500,3000000,0.36988000000000015,160500,0.3652
2500,3000000,0.36988000000000015,161000,0.41
2500,3000000,0.36988000000000015,161500,0.3252
2500,3000000,0.36988000000000015,162000,0.3252
2500,3000000,0.36988000000000015,162500,0.3544
2500,3000000,0.36988000000000015,163000,0.312
2500,3000000,0.36988000000000015,163500,0.356
2500,3000000,0.36988000000000015,164000,0.3748
2500,3000000,0.36988000000000015,164500,0.334
2500,3000000,0.36988000000000015,165000,0.2124
2500,3000000,0.36988000000000015,165500,0.268
2500,3000000,0.36988000000000015,166000,0.258
2500,3000000,0.36988000000000015,166500,0.2712
2500,3000000,0.36988000000000015,167000,0.2624
2500,3000000,0.36988000000000015,167500,0.2772
2500,3000000,0.36988000000000015,168000,0.2592
2500,3000000,0.36988000000000015,168500,0.2684
2500,3000000,0.36988000000000015,169000,0.2352
2500,3000000,0.36988000000000015,169500,0.2304
2500,3000000,0.36988000000000015,170000,0.2168
2500,3000000,0.36988000000000015,170500,0.352
2500,3000000,0.36988000000000015,171000,0.3228
2500,3000000,0.36988000000000015,171500,0.3156
2500,3000000,0.36988000000000015,172000,0.3392
2500,3000000,0.36988000000000015,172500,0.3464
2500,3000000,0.36988000000000015,173000,0.3268
2500,3000000,0.36988000000000015,173500,0.372
2500,3000000,0.36988000000000015,174000,0.4076
2500,3000000,0.36988000000000015,174500,0.3944
2500,3000000,0.36988000000000015,175000,0.344
2500,3000000,0.36988000000000015,175500,0.3424
2500,3000000,0.36988000000000015,176000,0.3204
2500,3000000,0.36988000000000015,176500,0.3748
2500,3000000,0.36988000000000015,177000,0.32
2500,3000000,0.36988000000000015,177500,0.3056
2500,3000000,0.36988000000000015,178000,0.2892
2500,3000000,0.36988000000000015,178500,0.3392
2500,3000000,0.36988000000000015,179000,0.342
2500,3000000,0.36988000000000015,179500,0.3408
2500,3000000,0.36988000000000015,180000,0.3164
2500,3000000,0.36988000000000015,180500,0.304
2500,3000000,0.36988000000000015,181000,0.3496
2500,3000000,0.36988000000000015,181500,0.2948
2500,3000000,0.36988000000000015,182000,0.2764
2500,3000000,0.36988000000000015,182500,0.2984
2500,3000000,0.36988000000000015,183000,0.2924
2500,3000000,0.36988000000000015,183500,0.2664
2500,3000000,0.36988000000000015,184000,0.3244
2500,3000000,0.36988000000000015,184500,0.2976
2500,3000000,0.36988000000000015,185000,0.262
2500,3000000,0.36988000000000015,185500,0.2612
2500,3000000,0.36988000000000015,186000,0.2848
2500,3000000,0.36988000000000015,186500,0.2596
2500,3000000,0.36988000000000015,187000,0.22
2500,3000000,0.36988000000000015,187500,0.262
2500,3000000,0.36988000000000015,188000,0.2392
2500,3000000,0.36988000000000015,188500,0.3376
2500,3000000,0.36988000000000015,189000,0.2828
2500,3000000,0.36988000000000015,189500,0.3256
2500,3000000,0.36988000000000015,190000,0.3052
2500,3000000,0.36988000000000015,190500,0.2788
2500,3000000,0.36988000000000015,191000,0.2704
2500,3000000,0.36988000000000015,191500,0.2756
2500,3000000,0.36988000000000015,192000,0.284
2500,3000000,0.36988000000000015,192500,0.3068
2500,3000000,0.36988000000000015,193000,0.3312
2500,3000000,0.36988000000000015,193500,0.2988
2500,3000000,0.36988000000000015,194000,0.3156
2500,3000000,0.36988000000000015,194500,0.326
2500,3000000,0.36988000000000015,195000,0.2504
2500,3000000,0.36988000000000015,195500,0.2524
2500,3000000,0.36988000000000015,196000,0.2072
2500,3000000,0.36988000000000015,196500,0.236
2500,3000000,0.36988000000000015,197000,0.2868
2500,3000000,0.36988000000000015,197500,0.2788
2500,3000000,0.36988000000000015,198000,0.2872
2500,3000000,0.36988000000000015,198500,0.2356
2500,3000000,0.36988000000000015,199000,0.2688
2500,3000000,0.36988000000000015,199500,0.2104
2500,3000000,0.36988000000000015,200000,0.2268
2500,3000000,0.36988000000000015,200500,0.288
2500,3000000,0.36988000000000015,201000,0.3044
2500,3000000,0.36988000000000015,201500,0.284
2500,3000000,0.36988000000000015,202000,0.2668
2500,3000000,0.36988000000000015,202500,0.2732
2500,3000000,0.36988000000000015,203000,0.2772
2500,3000000,0.36988000000000015,203500,0.2656
2500,3000000,0.36988000000000015,204000,0.2588
2500,3000000,0.36988000000000015,204500,0.2864
2500,3000000,0.36988000000000015,205000,0.2316
2500,3000000,0.36988000000000015,205500,0.2816
2500,3000000,0.36988000000000015,206000,0.2684
2500,3000000,0.36988000000000015,206500,0.2936
2500,3000000,0.36988000000000015,207000,0.3376
2500,3000000,0.36988000000000015,207500,0.3716
2500,3000000,0.36988000000000015,208000,0.3304
2500,3000000,0.36988000000000015,208500,0.3444
2500,3000000,0.36988000000000015,209000,0.2664
2500,3000000,0.36988000000000015,209500,0.288
2500,3000000,0.36988000000000015,210000,0.3544
2500,3000000,0.36988000000000015,210500,0.35
2500,3000000,0.36988000000000015,211000,0.3484
2500,3000000,0.36988000000000015,211500,0.326
2500,3000000,0.36988000000000015,212000,0.3256
2500,3000000,0.36988000000000015,212500,0.3552
2500,3000000,0.36988000000000015,213000,0.3832
2500,3000000,0.36988000000000015,213500,0.3708
2500,3000000,0.36988000000000015,214000,0.3308
2500,3000000,0.36988000000000015,214500,0.3248
2500,3000000,0.36988000000000015,215000,0.3832
2500,3000000,0.36988000000000015,215500,0.3136
2500,3000000,0.36988000000000015,216000,0.2844
2500,3000000,0.36988000000000015,216500,0.2764
2500,3000000,0.36988000000000015,217000,0.286
2500,3000000,0.36988000000000015,217500,0.2796
2500,3000000,0.36988000000000015,218000,0.2928
2500,3000000,0.36988000000000015,218500,0.31
2500,3000000,0.36988000000000015,219000,0.2996
2500,3000000,0.36988000000000015,219500,0.2408
2500,3000000,0.36988000000000015,220000,0.32
2500,3000000,0.36988000000000015,220500,0.3104
2500,3000000,0.36988000000000015,221000,0.2428
2500,3000000,0.36988000000000015,221500,0.2716
2500,3000000,0.36988000000000015,222000,0.2836
2500,3000000,0.36988000000000015,222500,0.2896
2500,3000000,0.36988000000000015,223000,0.2708
2500,3000000,0.36988000000000015,223500,0.2908
2500,3000000,0.36988000000000015,224000,0.3604
2500,3000000,0.36988000000000015,224500,0.3284
2500,3000000,0.36988000000000015,225000,0.3508
2500,3000000,0.36988000000000015,225500,0.2824
2500,3000000,0.36988000000000015,226000,0.3144
2500,3000000,0.36988000000000015,226500,0.288
2500,3000000,0.36988000000000015,227000,0.304
2500,3000000,0.36988000000000015,227500,0.3076
2500,3000000,0.36988000000000015,228000,0.3068
2500,3000000,0.36988000000000015,228500,0.3428
2500,3000000,0.36988000000000015,229000,0.3088
2500,3000000,0.36988000000000015,229500,0.3132
2500,3000000,0.36988000000000015,230000,0.3252
2500,3000000,0.36988000000000015,230500,0.3284
2500,3000000,0.36988000000000015,231000,0.3568
2500,3000000,0.36988000000000015,231500,0.3828
2500,3000000,0.36988000000000015,232000,0.4196
2500,3000000,0.36988000000000015,232500,0.3964
2500,3000000,0.36988000000000015,233000,0.44
2500,3000000,0.36988000000000015,233500,0.4
2500,3000000,0.36988000000000015,234000,0.4456
2500,3000000,0.36988000000000015,234500,0.3904
2500,3000000,0.36988000000000015,235000,0.3524
2500,3000000,0.36988000000000015,235500,0.3836
2500,3000000,0.36988000000000015,236000,0.3572
2500,3000000,0.36988000000000015,236500,0.3728
2500,3000000,0.36988000000000015,237000,0.3396
2500,3000000,0.36988000000000015,237500,0.3224
2500,3000000,0.36988000000000015,238000,0.3448
2500,3000000,0.36988000000000015,238500,0.3224
2500,3000000,0.36988000000000015,239000,0.3696
2500,3000000,0.36988000000000015,239500,0.3456
2500,3000000,0.36988000000000015,240000,0.3076
2500,3000000,0.36988000000000015,240500,0.2732
2500,3000000,0.36988000000000015,241000,0.3424
2500,3000000,0.36988000000000015,241500,0.3308
2500,3000000,0.36988000000000015,242000,0.368
2500,3000000,0.36988000000000015,242500,0.3968
2500,3000000,0.36988000000000015,243000,0.3764
2500,3000000,0.36988000000000015,243500,0.4708
2500,3000000,0.36988000000000015,244000,0.42
2500,3000000,0.36988000000000015,244500,0.332
2500,3000000,0.36988000000000015,245000,0.3316
2500,3000000,0.36988000000000015,245500,0.3724
2500,3000000,0.36988000000000015,246000,0.4184
2500,3000000,0.36988000000000015,246500,0.3964
2500,3000000,0.36988000000000015,247000,0.3436
2500,3000000,0.36988000000000015,247500,0.3832
2500,3000000,0.36988000000000015,248000,0.4124
2500,3000000,0.36988000000000015,248500,0.3832
2500,3000000,0.36988000000000015,249000,0.432
2500,3000000,0.36988000000000015,249500,0.4108
2500,3000000,0.36988000000000015,250000,0.4044
2500,3000000,0.36988000000000015,250500,0.4012
2500,3000000,0.36988000000000015,251000,0.3768
2500,3000000,0.36988000000000015,251500,0.412
2500,3000000,0.36988000000000015,252000,0.3784
2500,3000000,0.36988000000000015,252500,0.318
2500,3000000,0.36988000000000015,253000,0.3112
2500,3000000,0.36988000000000015,253500,0.3268
2500,3000000,0.36988000000000015,254000,0.3572
2500,3000000,0.36988000000000015,254500,0.3684
2500,3000000,0.36988000000000015,255000,0.3812
2500,3000000,0.36988000000000015,255500,0.3796
2500,3000000,0.36988000000000015,256000,0.3356
2500,3000000,0.36988000000000015,256500,0.3256
2500,3000000,0.36988000000000015,257000,0.2628
2500,3000000,0.36988000000000015,257500,0.2388
2500,3000000,0.36988000000000015,258000,0.2444
2500,3000000,0.36988000000000015,258500,0.278
2500,3000000,0.36988000000000015,259000,0.2856
2500,3000000,0.36988000000000015,259500,0.326
2500,3000000,0.36988000000000015,260000,0.306
2500,3000000,0.36988000000000015,260500,0.3032
2500,3000000,0.36988000000000015,261000,0.3596
2500,3000000,0.36988000000000015,261500,0.24
2500,3000000,0.36988000000000015,262000,0.3152
2500,3000000,0.36988000000000015,262500,0.2652
2500,3000000,0.36988000000000015,263000,0.3044
2500,3000000,0.36988000000000015,263500,0.2544
2500,3000000,0.36988000000000015,264000,0.2732
2500,3000000,0.36988000000000015,264500,0.2724
2500,3000000,0.36988000000000015,265000,0.3068
2500,3000000,0.36988000000000015,265500,0.3268
2500,3000000,0.36988000000000015,266000,0.3532
2500,3000000,0.36988000000000015,266500,0.3228
2500,3000000,0.36988000000000015,267000,0.3444
2500,3000000,0.36988000000000015,267500,0.3536
2500,3000000,0.36988000000000015,268000,0.3452
2500,3000000,0.36988000000000015,268500,0.2928
2500,3000000,0.36988000000000015,269000,0.2984
2500,3000000,0.36988000000000015,269500,0.2596
2500,3000000,0.36988000000000015,270000,0.2672
2500,3000000,0.36988000000000015,270500,0.2956
2500,3000000,0.36988000000000015,271000,0.2756
2500,3000000,0.36988000000000015,271500,0.3236
2500,3000000,0.36988000000000015,272000,0.402
2500,3000000,0.36988000000000015,272500,0.3128
2500,3000000,0.36988000000000015,273000,0.352
2500,3000000,0.36988000000000015,273500,0.2964
2500,3000000,0.36988000000000015,274000,0.2844
2500,3000000,0.36988000000000015,274500,0.3008
2500,3000000,0.36988000000000015,275000,0.2616
2500,3000000,0.36988000000000015,275500,0.2596
2500,3000000,0.36988000000000015,276000,0.2616
2500,3000000,0.36988000000000015,276500,0.236
2500,3000000,0.36988000000000015,277000,0.3084
2500,3000000,0.36988000000000015,277500,0.3348
2500,3000000,0.36988000000000015,278000,0.2292
2500,3000000,0.36988000000000015,278500,0.2744
2500,3000000,0.36988000000000015,279000,0.2036
2500,3000000,0.36988000000000015,279500,0.2212
2500,3000000,0.36988000000000015,280000,0.2928
2500,3000000,0.36988000000000015,280500,0.2648
2500,3000000,0.36988000000000015,281000,0.2984
2500,3000000,0.36988000000000015,281500,0.2444
2500,3000000,0.36988000000000015,282000,0.2496
2500,3000000,0.36988000000000015,282500,0.3076
2500,3000000,0.36988000000000015,283000,0.2708
2500,3000000,0.36988000000000015,283500,0.2488
2500,3000000,0.36988000000000015,284000,0.2684
2500,3000000,0.36988000000000015,284500,0.2776
2500,3000000,0.36988000000000015,285000,0.2804
2500,3000000,0.36988000000000015,285500,0.26
2500,3000000,0.36988000000000015,286000,0.3052
2500,3000000,0.36988000000000015,286500,0.2944
2500,3000000,0.36988000000000015,287000,0.3404
2500,3000000,0.36988000000000015,287500,0.3716
2500,3000000,0.36988000000000015,288000,0.378
2500,3000000,0.36988000000000015,288500,0.3584
2500,3000000,0.36988000000000015,289000,0.33
2500,3000000,0.36988000000000015,289500,0.3348
2500,3000000,0.36988000000000015,290000,0.3348
2500,3000000,0.36988000000000015,290500,0.366
2500,3000000,0.36988000000000015,291000,0.3628
2500,3000000,0.36988000000000015,291500,0.3216
2500,3000000,0.36988000000000015,292000,0.2972
2500,3000000,0.36988000000000015,292500,0.2232
2500,3000000,0.36988000000000015,293000,0.2528
2500,3000000,0.36988000000000015,293500,0.268
2500,3000000,0.36988000000000015,294000,0.3232
2500,3000000,0.36988000000000015,294500,0.2868
2500,3000000,0.36988000000000015,295000,0.2748
2500,3000000,0.36988000000000015,295500,0.3004
2500,3000000,0.36988000000000015,296000,0.284
2500,3000000,0.36988000000000015,296500,0.3336
2500,3000000,0.36988000000000015,297000,0.292
2500,3000000,0.36988000000000015,297500,0.2908
2500,3000000,0.36988000000000015,298000,0.282
2500,3000000,0.36988000000000015,298500,0.3128
2500,3000000,0.36988000000000015,299000,0.3356
2500,3000000,0.36988000000000015,299500,0.3516
2500,3000000,0.36988000000000015,300000,0.3324
2500,3000000,0.36988000000000015,300500,0.2784
2500,3000000,0.36988000000000015,301000,0.326
2500,3000000,0.36988000000000015,301500,0.3576
2500,3000000,0.36988000000000015,302000,0.3508
2500,3000000,0.36988000000000015,302500,0.3124
2500,3000000,0.36988000000000015,303000,0.34
2500,3000000,0.36988000000000015,303500,0.3572
2500,3000000,0.36988000000000015,304000,0.3496
2500,3000000,0.36988000000000015,304500,0.346
2500,3000000,0.36988000000000015,305000,0.4036
2500,3000000,0.36988000000000015,305500,0.4044
2500,3000000,0.36988000000000015,306000,0.3944
2500,3000000,0.36988000000000015,306500,0.318
2500,3000000,0.36988000000000015,307000,0.3496
2500,3000000,0.36988000000000015,307500,0.3652
2500,3000000,0.36988000000000015,308000,0.3264
2500,3000000,0.36988000000000015,308500,0.362
2500,3000000,0.36988000000000015,309000,0.36
2500,3000000,0.36988000000000015,309500,0.3892
2500,3000000,0.36988000000000015,310000,0.3308
2500,3000000,0.36988000000000015,310500,0.3208
2500,3000000,0.36988000000000015,311000,0.3948
2500,3000000,0.36988000000000015,311500,0.3636
2500,3000000,0.36988000000000015,312000,0.4424
2500,3000000,0.36988000000000015,312500,0.382
2500,3000000,0.36988000000000015,313000,0.372
2500,3000000,0.36988000000000015,313500,0.3712
2500,3000000,0.36988000000000015,314000,0.3376
2500,3000000,0.36988000000000015,314500,0.3204
2500,3000000,0.36988000000000015,315000,0.31
2500,3000000,0.36988000000000015,315500,0.2952
2500,3000000,0.36988000000000015,316000,0.2944
2500,3000000,0.36988000000000015,316500,0.2588
2500,3000000,0.36988000000000015,317000,0.286
2500,3000000,0.36988000000000015,317500,0.2656
2500,3000000,0.36988000000000015,318000,0.3084
2500,3000000,0.36988000000000015,318500,0.3648
2500,3000000,0.36988000000000015,319000,0.3584
2500,3000000,0.36988000000000015,319500,0.346
2500,3000000,0.36988000000000015,320000,0.3764
2500,3000000,0.36988000000000015,320500,0.3744
2500,3000000,0.36988000000000015,321000,0.3064
2500,3000000,0.36988000000000015,321500,0.3576
2500,3000000,0.36988000000000015,322000,0.3332
2500,3000000,0.36988000000000015,322500,0.2852
2500,3000000,0.36988000000000015,323000,0.2584
2500,3000000,0.36988000000000015,323500,0.3636
2500,3000000,0.36988000000000015,324000,0.324
2500,3000000,0.36988000000000015,324500,0.33
2500,3000000,0.36988000000000015,325000,0.3304
2500,3000000,0.36988000000000015,325500,0.2988
2500,3000000,0.36988000000000015,326000,0.316
2500,3000000,0.36988000000000015,326500,0.3024
2500,3000000,0.36988000000000015,327000,0.3344
2500,3000000,0.36988000000000015,327500,0.3768
2500,3000000,0.36988000000000015,328000,0.41
2500,3000000,0.36988000000000015,328500,0.4204
2500,3000000,0.36988000000000015,329000,0.3984
2500,3000000,0.36988000000000015,329500,0.3132
2500,3000000,0.36988000000000015,330000,0.2988
2500,3000000,0.36988000000000015,330500,0.4092
2500,3000000,0.36988000000000015,331000,0.3796
2500,3000000,0.36988000000000015,331500,0.38
2500,3000000,0.36988000000000015,332000,0.3272
2500,3000000,0.36988000000000015,332500,0.2852
2500,3000000,0.36988000000000015,333000,0.2164
2500,3000000,0.36988000000000015,333500,0.302
2500,3000000,0.36988000000000015,334000,0.2912
2500,3000000,0.36988000000000015,334500,0.3376
2500,3000000,0.36988000000000015,335000,0.3164
2500,3000000,0.36988000000000015,335500,0.356
2500,3000000,0.36988000000000015,336000,0.3764
2500,3000000,0.36988000000000015,336500,0.342
2500,3000000,0.36988000000000015,337000,0.37
2500,3000000,0.36988000000000015,337500,0.3168
2500,3000000,0.36988000000000015,338000,0.3864
2500,3000000,0.36988000000000015,338500,0.3076
2500,3000000,0.36988000000000015,339000,0.2556
2500,3000000,0.36988000000000015,339500,0.2424
2500,3000000,0.36988000000000015,340000,0.2656
2500,3000000,0.36988000000000015,340500,0.2332
2500,3000000,0.36988000000000015,341000,0.25
2500,3000000,0.36988000000000015,341500,0.3012
2500,3000000,0.36988000000000015,342000,0.2424
2500,3000000,0.36988000000000015,342500,0.272
2500,3000000,0.36988000000000015,343000,0.3416
2500,3000000,0.36988000000000015,343500,0.3648
2500,3000000,0.36988000000000015,344000,0.3484
2500,3000000,0.36988000000000015,344500,0.3136
2500,3000000,0.36988000000000015,345000,0.324
2500,3000000,0.36988000000000015,345500,0.3088
2500,3000000,0.36988000000000015,346000,0.3232
2500,3000000,0.36988000000000015,346500,0.3268
2500,3000000,0.36988000000000015,347000,0.3324
2500,3000000,0.36988000000000015,347500,0.2904
2500,3000000,0.36988000000000015,348000,0.3536
2500,3000000,0.36988000000000015,348500,0.4004
2500,3000000,0.36988000000000015,349000,0.4004
2500,3000000,0.36988000000000015,349500,0.3244
2500,3000000,0.36988000000000015,350000,0.3252
2500,3000000,0.36988000000000015,350500,0.38
2500,3000000,0.36988000000000015,351000,0.3372
2500,3000000,0.36988000000000015,351500,0.3328
2500,3000000,0.36988000000000015,352000,0.228
2500,3000000,0.36988000000000015,352500,0.2508
2500,3000000,0.36988000000000015,353000,0.2572
2500,3000000,0.36988000000000015,353500,0.2384
2500,3000000,0.36988000000000015,354000,0.2744
2500,3000000,0.36988000000000015,354500,0.28
2500,3000000,0.36988000000000015,355000,0.286
2500,3000000,0.36988000000000015,355500,0.2204
2500,3000000,0.36988000000000015,356000,0.2132
2500,3000000,0.36988000000000015,356500,0.1952
2500,3000000,0.36988000000000015,357000,0.2
2500,3000000,0.36988000000000015,357500,0.2272
2500,3000000,0.36988000000000015,358000,0.2548
2500,3000000,0.36988000000000015,358500,0.234
2500,3000000,0.36988000000000015,359000,0.2676
2500,3000000,0.36988000000000015,359500,0.2344
2500,3000000,0.36988000000000015,360000,0.2836
2500,3000000,0.36988000000000015,360500,0.2736
2500,3000000,0.36988000000000015,361000,0.2536
2500,3000000,0.36988000000000015,361500,0.2732
2500,3000000,0.36988000000000015,362000,0.2752
2500,3000000,0.36988000000000015,362500,0.274
2500,3000000,0.36988000000000015,363000,0.2336
2500,3000000,0.36988000000000015,363500,0.2304
2500,3000000,0.36988000000000015,364000,0.2704
2500,3000000,0.36988000000000015,364500,0.328
2500,3000000,0.36988000000000015,365000,0.2812
2500,3000000,0.36988000000000015,365500,0.3028
2500,3000000,0.36988000000000015,366000,0.262
2500,3000000,0.36988000000000015,366500,0.2212
2500,3000000,0.36988000000000015,367000,0.2268
2500,3000000,0.36988000000000015,367500,0.1872
2500,3000000,0.36988000000000015,368000,0.1952
2500,3000000,0.36988000000000015,368500,0.2032
2500,3000000,0.36988000000000015,369000,0.1664
2500,3000000,0.36988000000000015,369500,0.146
2500,3000000,0.36988000000000015,370000,0.1296
2500,3000000,0.36988000000000015,370500,0.1344
2500,3000000,0.36988000000000015,371000,0.1552
2500,3000000,0.36988000000000015,371500,0.1556
2500,3000000,0.36988000000000015,372000,0.1532
2500,3000000,0.36988000000000015,372500,0.1452
2500,3000000,0.36988000000000015,373000,0.1844
2500,3000000,0.36988000000000015,373500,0.1808
2500,3000000,0.36988000000000015,374000,0.176
2500,3000000,0.36988000000000015,374500,0.1468
2500,3000000,0.36988000000000015,375000,0.1724
2500,3000000,0.36988000000000015,375500,0.1512
2500,3000000,0.36988000000000015,376000,0.1092
2500,3000000,0.36988000000000015,376500,0.1196
2500,3000000,0.36988000000000015,377000,0.1304
2500,3000000,0.36988000000000015,377500,0.134
2500,3000000,0.36988000000000015,378000,0.1628
2500,3000000,0.36988000000000015,378500,0.1416
2500,3000000,0.36988000000000015,379000,0.1652
2500,3000000,0.36988000000000015,379500,0.1676
2500,3000000,0.36988000000000015,380000,0.1544
2500,3000000,0.36988000000000015,380500,0.1276
2500,3000000,0.36988000000000015,381000,0.2124
2500,3000000,0.36988000000000015,381500,0.2412
2500,3000000,0.36988000000000015,382000,0.2668
2500,3000000,0.36988000000000015,382500,0.2296
2500,3000000,0.36988000000000015,383000,0.2332
2500,3000000,0.36988000000000015,383500,0.2112
2500,3000000,0.36988000000000015,384000,0.2544
2500,3000000,0.36988000000000015,384500,0.218
2500,3000000,0.36988000000000015,385000,0.2
2500,3000000,0.36988000000000015,385500,0.21
2500,3000000,0.36988000000000015,386000,0.1744
2500,3000000,0.36988000000000015,386500,0.1916
2500,3000000,0.36988000000000015,387000,0.1988
2500,3000000,0.36988000000000015,387500,0.228
2500,3000000,0.36988000000000015,388000,0.2
2500,3000000,0.36988000000000015,388500,0.2012
2500,3000000,0.36988000000000015,389000,0.26
2500,3000000,0.36988000000000015,389500,0.2364
2500,3000000,0.36988000000000015,390000,0.2684
2500,3000000,0.36988000000000015,390500,0.2536
2500,3000000,0.36988000000000015,391000,0.2052
2500,3000000,0.36988000000000015,391500,0.17
2500,3000000,0.36988000000000015,392000,0.1496
2500,3000000,0.36988000000000015,392500,0.2044
2500,3000000,0.36988000000000015,393000,0.2324
2500,3000000,0.36988000000000015,393500,0.2448
2500,3000000,0.36988000000000015,394000,0.2252
2500,3000000,0.36988000000000015,394500,0.2796
2500,3000000,0.36988000000000015,395000,0.2004
2500,3000000,0.36988000000000015,395500,0.2288
2500,3000000,0.36988000000000015,396000,0.2492
2500,3000000,0.36988000000000015,396500,0.3096
2500,3000000,0.36988000000000015,397000,0.2636
2500,3000000,0.36988000000000015,397500,0.3136
2500,3000000,0.36988000000000015,398000,0.3344
2500,3000000,0.36988000000000015,398500,0.3228
2500,3000000,0.36988000000000015,399000,0.3368
2500,3000000,0.36988000000000015,399500,0.2848
2500,3000000,0.36988000000000015,400000,0.3696
2500,3000000,0.36988000000000015,400500,0.3356
2500,3000000,0.36988000000000015,401000,0.344
2500,3000000,0.36988000000000015,401500,0.3064
2500,3000000,0.36988000000000015,402000,0.3236
2500,3000000,0.36988000000000015,402500,0.3328
2500,3000000,0.36988000000000015,403000,0.3172
2500,3000000,0.36988000000000015,403500,0.2748
2500,3000000,0.36988000000000015,404000,0.3284
2500,3000000,0.36988000000000015,404500,0.2852
2500,3000000,0.36988000000000015,405000,0.36
2500,3000000,0.36988000000000015,405500,0.352
2500,3000000,0.36988000000000015,406000,0.322
2500,3000000,0.36988000000000015,406500,0.3284
2500,3000000,0.36988000000000015,407000,0.3196
2500,3000000,0.36988000000000015,407500,0.3276
2500,3000000,0.36988000000000015,408000,0.3232
2500,3000000,0.36988000000000015,408500,0.3008
2500,3000000,0.36988000000000015,409000,0.304
2500,3000000,0.36988000000000015,409500,0.2476
2500,3000000,0.36988000000000015,410000,0.2136
2500,3000000,0.36988000000000015,410500,0.2684
2500,3000000,0.36988000000000015,411000,0.2992
2500,3000000,0.36988000000000015,411500,0.3676
2500,3000000,0.36988000000000015,412000,0.362
2500,3000000,0.36988000000000015,412500,0.3872
2500,3000000,0.36988000000000015,413000,0.3284
2500,3000000,0.36988000000000015,413500,0.2836
2500,3000000,0.36988000000000015,414000,0.2492
2500,3000000,0.36988000000000015,414500,0.2596
2500,3000000,0.36988000000000015,415000,0.2888
2500,3000000,0.36988000000000015,415500,0.2972
2500,3000000,0.36988000000000015,416000,0.2692
2500,3000000,0.36988000000000015,416500,0.2124
2500,3000000,0.36988000000000015,417000,0.2848
2500,3000000,0.36988000000000015,417500,0.2588
2500,3000000,0.36988000000000015,418000,0.3392
2500,3000000,0.36988000000000015,418500,0.3108
2500,3000000,0.36988000000000015,419000,0.3776
2500,3000000,0.36988000000000015,419500,0.3708
2500,3000000,0.36988000000000015,420000,0.3184
2500,3000000,0.36988000000000015,420500,0.3904
2500,3000000,0.36988000000000015,421000,0.384
2500,3000000,0.36988000000000015,421500,0.3648
2500,3000000,0.36988000000000015,422000,0.3404
2500,3000000,0.36988000000000015,422500,0.3244
2500,3000000,0.36988000000000015,423000,0.3428
2500,3000000,0.36988000000000015,423500,0.3116
2500,3000000,0.36988000000000015,424000,0.3132
2500,3000000,0.36988000000000015,424500,0.274
2500,3000000,0.36988000000000015,425000,0.2248
2500,3000000,0.36988000000000015,425500,0.2792
2500,3000000,0.36988000000000015,426000,0.2448
2500,3000000,0.36988000000000015,426500,0.302
2500,3000000,0.36988000000000015,427000,0.2676
2500,3000000,0.36988000000000015,427500,0.2488
2500,3000000,0.36988000000000015,428000,0.2076
2500,3000000,0.36988000000000015,428500,0.2452
2500,3000000,0.36988000000000015,429000,0.2344
2500,3000000,0.36988000000000015,429500,0.2144
2500,3000000,0.36988000000000015,430000,0.226
2500,3000000,0.36988000000000015,430500,0.1892
2500,3000000,0.36988000000000015,431000,0.18
2500,3000000,0.36988000000000015,431500,0.2052
2500,3000000,0.36988000000000015,432000,0.164
2500,3000000,0.36988000000000015,432500,0.216
2500,3000000,0.36988000000000015,433000,0.216
2500,3000000,0.36988000000000015,433500,0.2128
2500,3000000,0.36988000000000015,434000,0.2444
2500,3000000,0.36988000000000015,434500,0.2264
2500,3000000,0.36988000000000015,435000,0.2176
2500,3000000,0.36988000000000015,435500,0.2652
2500,3000000,0.36988000000000015,436000,0.252
2500,3000000,0.36988000000000015,436500,0.1936
2500,3000000,0.36988000000000015,437000,0.2428
2500,3000000,0.36988000000000015,437500,0.2368
2500,3000000,0.36988000000000015,438000,0.2412
2500,3000000,0.36988000000000015,438500,0.1944
2500,3000000,0.36988000000000015,439000,0.2472
2500,3000000,0.36988000000000015,439500,0.21
2500,3000000,0.36988000000000015,440000,0.1896
2500,3000000,0.36988000000000015,440500,0.2048
2500,3000000,0.36988000000000015,441000,0.2216
2500,3000000,0.36988000000000015,441500,0.188
2500,3000000,0.36988000000000015,442000,0.1748
2500,3000000,0.36988000000000015,442500,0.2276
2500,3000000,0.36988000000000015,443000,0.228
2500,3000000,0.36988000000000015,443500,0.1664
2500,3000000,0.36988000000000015,444000,0.2244
2500,3000000,0.36988000000000015,444500,0.1856
2500,3000000,0.36988000000000015,445000,0.222
2500,3000000,0.36988000000000015,445500,0.2032
2500,3000000,0.36988000000000015,446000,0.2284
2500,3000000,0.36988000000000015,446500,0.23
2500,3000000,0.36988000000000015,447000,0.1448
2500,3000000,0.36988000000000015,447500,0.186
2500,3000000,0.36988000000000015,448000,0.2216
2500,3000000,0.36988000000000015,448500,0.242
2500,3000000,0.36988000000000015,449000,0.2416
2500,3000000,0.36988000000000015,449500,0.2348
2500,3000000,0.36988000000000015,450000,0.2576
2500,3000000,0.36988000000000015,450500,0.2264
2500,3000000,0.36988000000000015,451000,0.2284
2500,3000000,0.36988000000000015,451500,0.2364
2500,3000000,0.36988000000000015,452000,0.304
2500,3000000,0.36988000000000015,452500,0.236
2500,3000000,0.36988000000000015,453000,0.234
2500,3000000,0.36988000000000015,453500,0.236
2500,3000000,0.36988000000000015,454000,0.2032
2500,3000000,0.36988000000000015,454500,0.214
2500,3000000,0.36988000000000015,455000,0.2384
2500,3000000,0.36988000000000015,455500,0.2296
2500,3000000,0.36988000000000015,456000,0.1972
2500,3000000,0.36988000000000015,456500,0.1916
2500,3000000,0.36988000000000015,457000,0.1992
2500,3000000,0.36988000000000015,457500,0.2004
2500,3000000,0.36988000000000015,458000,0.1624
2500,3000000,0.36988000000000015,458500,0.2024
2500,3000000,0.36988000000000015,459000,0.1628
2500,3000000,0.36988000000000015,459500,0.22
2500,3000000,0.36988000000000015,460000,0.3072
2500,3000000,0.36988000000000015,460500,0.2508
2500,3000000,0.36988000000000015,461000,0.2036
2500,3000000,0.36988000000000015,461500,0.1972
2500,3000000,0.36988000000000015,462000,0.1864
2500,3000000,0.36988000000000015,462500,0.2204
2500,3000000,0.36988000000000015,463000,0.2476
2500,3000000,0.36988000000000015,463500,0.2188
2500,3000000,0.36988000000000015,464000,0.1968
2500,3000000,0.36988000000000015,464500,0.2448
2500,3000000,0.36988000000000015,465000,0.174
2500,3000000,0.36988000000000015,465500,0.1784
2500,3000000,0.36988000000000015,466000,0.1864
2500,3000000,0.36988000000000015,466500,0.2212
2500,3000000,0.36988000000000015,467000,0.2124
2500,3000000,0.36988000000000015,467500,0.2088
2500,3000000,0.36988000000000015,468000,0.2212
2500,3000000,0.36988000000000015,468500,0.232
2500,3000000,0.36988000000000015,469000,0.2392
2500,3000000,0.36988000000000015,469500,0.2032
2500,3000000,0.36988000000000015,470000,0.2472
2500,3000000,0.36988000000000015,470500,0.2552
2500,3000000,0.36988000000000015,471000,0.2132
2500,3000000,0.36988000000000015,471500,0.3008
2500,3000000,0.36988000000000015,472000,0.3028
2500,3000000,0.36988000000000015,472500,0.3016
2500,3000000,0.36988000000000015,473000,0.3112
2500,3000000,0.36988000000000015,473500,0.336
2500,3000000,0.36988000000000015,474000,0.2652
2500,3000000,0.36988000000000015,474500,0.288
2500,3000000,0.36988000000000015,475000,0.2644
2500,3000000,0.36988000000000015,475500,0.2772
2500,3000000,0.36988000000000015,476000,0.2788
2500,3000000,0.36988000000000015,476500,0.3144
2500,3000000,0.36988000000000015,477000,0.2888
2500,3000000,0.36988000000000015,477500,0.3104
2500,3000000,0.36988000000000015,478000,0.3328
2500,3000000,0.36988000000000015,478500,0.3552
2500,3000000,0.36988000000000015,479000,0.3376
2500,3000000,0.36988000000000015,479500,0.3488
2500,3000000,0.36988000000000015,480000,0.4208
2500,3000000,0.36988000000000015,480500,0.416
2500,3000000,0.36988000000000015,481000,0.4192
2500,3000000,0.36988000000000015,481500,0.4008
2500,3000000,0.36988000000000015,482000,0.3084
2500,3000000,0.36988000000000015,482500,0.3256
2500,3000000,0.36988000000000015,483000,0.322
2500,3000000,0.36988000000000015,483500,0.3272
2500,3000000,0.36988000000000015,484000,0.2604
2500,3000000,0.36988000000000015,484500,0.2396
2500,3000000,0.36988000000000015,485000,0.2616
2500,3000000,0.36988000000000015,485500,0.246
2500,3000000,0.36988000000000015,486000,0.2696
2500,3000000,0.36988000000000015,486500,0.2856
2500,3000000,0.36988000000000015,487000,0.3352
2500,3000000,0.36988000000000015,487500,0.2204
2500,3000000,0.36988000000000015,488000,0.2312
2500,3000000,0.36988000000000015,488500,0.2648
2500,3000000,0.36988000000000015,489000,0.2644
2500,3000000,0.36988000000000015,489500,0.1492
2500,3000000,0.36988000000000015,490000,0.1636
2500,3000000,0.36988000000000015,490500,0.1932
2500,3000000,0.36988000000000015,491000,0.2472
2500,3000000,0.36988000000000015,491500,0.2108
2500,3000000,0.36988000000000015,492000,0.194
2500,3000000,0.36988000000000015,492500,0.2108
2500,3000000,0.36988000000000015,493000,0.2092
2500,3000000,0.36988000000000015,493500,0.1984
2500,3000000,0.36988000000000015,494000,0.2172
2500,3000000,0.36988000000000015,494500,0.266
2500,3000000,0.36988000000000015,495000,0.2212
2500,3000000,0.36988000000000015,495500,0.2752
2500,3000000,0.36988000000000015,496000,0.2544
2500,3000000,0.36988000000000015,496500,0.3044
2500,3000000,0.36988000000000015,497000,0.2988
2500,3000000,0.36988000000000015,497500,0.2696
2500,3000000,0.36988000000000015,498000,0.3012
2500,3000000,0.36988000000000015,498500,0.2928
2500,3000000,0.36988000000000015,499000,0.2816
2500,3000000,0.36988000000000015,499500,0.2676
2500,3000000,0.36988000000000015,500000,0.2488
2500,3000000,0.36988000000000015,500500,0.298
2500,3000000,0.36988000000000015,501000,0.2312
2500,3000000,0.36988000000000015,501500,0.2684
2500,3000000,0.36988000000000015,502000,0.2852
2500,3000000,0.36988000000000015,502500,0.2488
2500,3000000,0.36988000000000015,503000,0.2648
2500,3000000,0.36988000000000015,503500,0.2152
2500,3000000,0.36988000000000015,504000,0.288
2500,3000000,0.36988000000000015,504500,0.2788
2500,3000000,0.36988000000000015,505000,0.2548
2500,3000000,0.36988000000000015,505500,0.3228
2500,3000000,0.36988000000000015,506000,0.3352
2500,3000000,0.36988000000000015,506500,0.3348
2500,3000000,0.36988000000000015,507000,0.3148
2500,3000000,0.36988000000000015,507500,0.3048
2500,3000000,0.36988000000000015,508000,0.3992
2500,3000000,0.36988000000000015,508500,0.3748
2500,3000000,0.36988000000000015,509000,0.3108
2500,3000000,0.36988000000000015,509500,0.3348
2500,3000000,0.36988000000000015,510000,0.284
2500,3000000,0.36988000000000015,510500,0.3
2500,3000000,0.36988000000000015,511000,0.3084
2500,3000000,0.36988000000000015,511500,0.422
2500,3000000,0.36988000000000015,512000,0.4284
2500,3000000,0.36988000000000015,512500,0.4272
2500,3000000,0.36988000000000015,513000,0.3836
2500,3000000,0.36988000000000015,513500,0.4228
2500,3000000,0.36988000000000015,514000,0.3884
2500,3000000,0.36988000000000015,514500,0.4028
2500,3000000,0.36988000000000015,515000,0.378
2500,3000000,0.36988000000000015,515500,0.4232
2500,3000000,0.36988000000000015,516000,0.3896
2500,3000000,0.36988000000000015,516500,0.4044
2500,3000000,0.36988000000000015,517000,0.368
2500,3000000,0.36988000000000015,517500,0.3876
2500,3000000,0.36988000000000015,518000,0.4052
2500,3000000,0.36988000000000015,518500,0.3888
2500,3000000,0.36988000000000015,519000,0.3752
2500,3000000,0.36988000000000015,519500,0.3744
2500,3000000,0.36988000000000015,520000,0.3552
2500,3000000,0.36988000000000015,520500,0.3052
2500,3000000,0.36988000000000015,521000,0.3716
2500,3000000,0.36988000000000015,521500,0.3624
2500,3000000,0.36988000000000015,522000,0.32
2500,3000000,0.36988000000000015,522500,0.2852
2500,3000000,0.36988000000000015,523000,0.3472
2500,3000000,0.36988000000000015,523500,0.3608
2500,3000000,0.36988000000000015,524000,0.4216
2500,3000000,0.36988000000000015,524500,0.386
2500,3000000,0.36988000000000015,525000,0.364
2500,3000000,0.36988000000000015,525500,0.3472
2500,3000000,0.36988000000000015,526000,0.3376
2500,3000000,0.36988000000000015,526500,0.3552
2500,3000000,0.36988000000000015,527000,0.3684
2500,3000000,0.36988000000000015,527500,0.3732
2500,3000000,0.36988000000000015,528000,0.394
2500,3000000,0.36988000000000015,528500,0.4104
2500,3000000,0.36988000000000015,529000,0.4288
2500,3000000,0.36988000000000015,529500,0.442
2500,3000000,0.36988000000000015,530000,0.4652
2500,3000000,0.36988000000000015,530500,0.3984
2500,3000000,0.36988000000000015,531000,0.366
2500,3000000,0.36988000000000015,531500,0.352
2500,3000000,0.36988000000000015,532000,0.334
2500,3000000,0.36988000000000015,532500,0.3172
2500,3000000,0.36988000000000015,533000,0.2644
2500,3000000,0.36988000000000015,533500,0.3064
2500,3000000,0.36988000000000015,534000,0.3864
2500,3000000,0.36988000000000015,534500,0.4004
2500,3000000,0.36988000000000015,535000,0.3396
2500,3000000,0.36988000000000015,535500,0.312
2500,3000000,0.36988000000000015,536000,0.3068
2500,3000000,0.36988000000000015,536500,0.3248
2500,3000000,0.36988000000000015,537000,0.2492
2500,3000000,0.36988000000000015,537500,0.2836
2500,3000000,0.36988000000000015,538000,0.2532
2500,3000000,0.36988000000000015,538500,0.302
2500,3000000,0.36988000000000015,539000,0.2996
2500,3000000,0.36988000000000015,539500,0.3536
2500,3000000,0.36988000000000015,540000,0.2668
2500,3000000,0.36988000000000015,540500,0.3264
2500,3000000,0.36988000000000015,541000,0.3084
2500,3000000,0.36988000000000015,541500,0.3744
2500,3000000,0.36988000000000015,542000,0.2584
2500,3000000,0.36988000000000015,542500,0.2704
2500,3000000,0.36988000000000015,543000,0.3112
2500,3000000,0.36988000000000015,543500,0.3596
2500,3000000,0.36988000000000015,544000,0.378
2500,3000000,0.36988000000000015,544500,0.3032
2500,3000000,0.36988000000000015,545000,0.2832
2500,3000000,0.36988000000000015,545500,0.312
2500,3000000,0.36988000000000015,546000,0.346
2500,3000000,0.36988000000000015,546500,0.3248
2500,3000000,0.36988000000000015,547000,0.4052
2500,3000000,0.36988000000000015,547500,0.3676
2500,3000000,0.36988000000000015,548000,0.288
2500,3000000,0.36988000000000015,548500,0.3188
2500,3000000,0.36988000000000015,549000,0.3152
2500,3000000,0.36988000000000015,549500,0.3848
2500,3000000,0.36988000000000015,550000,0.31
2500,3000000,0.36988000000000015,550500,0.3056
2500,3000000,0.36988000000000015,551000,0.374
2500,3000000,0.36988000000000015,551500,0.3684
2500,3000000,0.36988000000000015,552000,0.3628
2500,3000000,0.36988000000000015,552500,0.3736
2500,3000000,0.36988000000000015,553000,0.4272
2500,3000000,0.36988000000000015,553500,0.404
2500,3000000,0.36988000000000015,554000,0.398
2500,3000000,0.36988000000000015,554500,0.4456
2500,3000000,0.36988000000000015,555000,0.3924
2500,3000000,0.36988000000000015,555500,0.4192
2500,3000000,0.36988000000000015,556000,0.4268
2500,3000000,0.36988000000000015,556500,0.392
2500,3000000,0.36988000000000015,557000,0.3432
2500,3000000,0.36988000000000015,557500,0.3624
2500,3000000,0.36988000000000015,558000,0.3708
2500,3000000,0.36988000000000015,558500,0.4216
2500,3000000,0.36988000000000015,559000,0.394
2500,3000000,0.36988000000000015,559500,0.4064
2500,3000000,0.36988000000000015,560000,0.334
2500,3000000,0.36988000000000015,560500,0.3424
2500,3000000,0.36988000000000015,561000,0.3664
2500,3000000,0.36988000000000015,561500,0.334
2500,3000000,0.36988000000000015,562000,0.3408
2500,3000000,0.36988000000000015,562500,0.2988
2500,3000000,0.36988000000000015,563000,0.2604
2500,3000000,0.36988000000000015,563500,0.2408
2500,3000000,0.36988000000000015,564000,0.3004
2500,3000000,0.36988000000000015,564500,0.3364
2500,3000000,0.36988000000000015,565000,0.3292
2500,3000000,0.36988000000000015,565500,0.3568
2500,3000000,0.36988000000000015,566000,0.2948
2500,3000000,0.36988000000000015,566500,0.224
2500,3000000,0.36988000000000015,567000,0.2856
2500,3000000,0.36988000000000015,567500,0.23
2500,3000000,0.36988000000000015,568000,0.2712
2500,3000000,0.36988000000000015,568500,0.292
2500,3000000,0.36988000000000015,569000,0.2928
2500,3000000,0.36988000000000015,569500,0.2716
2500,3000000,0.36988000000000015,570000,0.3248
2500,3000000,0.36988000000000015,570500,0.3616
2500,3000000,0.36988000000000015,571000,0.2924
2500,3000000,0.36988000000000015,571500,0.2888
2500,3000000,0.36988000000000015,572000,0.262
2500,3000000,0.36988000000000015,572500,0.2928
2500,3000000,0.36988000000000015,573000,0.2876
2500,3000000,0.36988000000000015,573500,0.2988
2500,3000000,0.36988000000000015,574000,0.2988
2500,3000000,0.36988000000000015,574500,0.2936
2500,3000000,0.36988000000000015,575000,0.39
2500,3000000,0.36988000000000015,575500,0.3328
2500,3000000,0.36988000000000015,576000,0.3184
2500,3000000,0.36988000000000015,576500,0.3448
2500,3000000,0.36988000000000015,577000,0.3632
2500,3000000,0.36988000000000015,577500,0.4108
2500,3000000,0.36988000000000015,578000,0.4032
2500,3000000,0.36988000000000015,578500,0.4152
2500,3000000,0.36988000000000015,579000,0.3412
2500,3000000,0.36988000000000015,579500,0.3204
2500,3000000,0.36988000000000015,580000,0.4012
2500,3000000,0.36988000000000015,580500,0.4032
2500,3000000,0.36988000000000015,581000,0.448
2500,3000000,0.36988000000000015,581500,0.396
2500,3000000,0.36988000000000015,582000,0.308
2500,3000000,0.36988000000000015,582500,0.392
2500,3000000,0.36988000000000015,583000,0.35
2500,3000000,0.36988000000000015,583500,0.3404
2500,3000000,0.36988000000000015,584000,0.308
2500,3000000,0.36988000000000015,584500,0.3204
2500,3000000,0.36988000000000015,585000,0.386
2500,3000000,0.36988000000000015,585500,0.3476
2500,3000000,0.36988000000000015,586000,0.3348
2500,3000000,0.36988000000000015,586500,0.3532
2500,3000000,0.36988000000000015,587000,0.338
2500,3000000,0.36988000000000015,587500,0.292
2500,3000000,0.36988000000000015,588000,0.3384
2500,3000000,0.36988000000000015,588500,0.352
2500,3000000,0.36988000000000015,589000,0.3264
2500,3000000,0.36988000000000015,589500,0.3216
2500,3000000,0.36988000000000015,590000,0.3344
2500,3000000,0.36988000000000015,590500,0.3468
2500,3000000,0.36988000000000015,591000,0.3444
2500,3000000,0.36988000000000015,591500,0.2928
2500,3000000,0.36988000000000015,592000,0.3088
2500,3000000,0.36988000000000015,592500,0.2612
2500,3000000,0.36988000000000015,593000,0.2764
2500,3000000,0.36988000000000015,593500,0.2784
2500,3000000,0.36988000000000015,594000,0.26
2500,3000000,0.36988000000000015,594500,0.2896
2500,3000000,0.36988000000000015,595000,0.3012
2500,3000000,0.36988000000000015,595500,0.278
2500,3000000,0.36988000000000015,596000,0.3436
2500,3000000,0.36988000000000015,596500,0.3396
2500,3000000,0.36988000000000015,597000,0.342
2500,3000000,0.36988000000000015,597500,0.3464
2500,3000000,0.36988000000000015,598000,0.2932
2500,3000000,0.36988000000000015,598500,0.304
2500,3000000,0.36988000000000015,599000,0.2512
2500,3000000,0.36988000000000015,599500,0.1972
2500,3000000,0.36988000000000015,600000,0.214
2500,3000000,0.36988000000000015,600500,0.2336
2500,3000000,0.36988000000000015,601000,0.2476
2500,3000000,0.36988000000000015,601500,0.204
2500,3000000,0.36988000000000015,602000,0.2176
2500,3000000,0.36988000000000015,602500,0.2248
2500,3000000,0.36988000000000015,603000,0.2296
2500,3000000,0.36988000000000015,603500,0.1828
2500,3000000,0.36988000000000015,604000,0.1988
2500,3000000,0.36988000000000015,604500,0.2144
2500,3000000,0.36988000000000015,605000,0.2224
2500,3000000,0.36988000000000015,605500,0.23
2500,3000000,0.36988000000000015,606000,0.2492
2500,3000000,0.36988000000000015,606500,0.2616
2500,3000000,0.36988000000000015,607000,0.2372
2500,3000000,0.36988000000000015,607500,0.26
2500,3000000,0.36988000000000015,608000,0.2764
2500,3000000,0.36988000000000015,608500,0.3228
2500,3000000,0.36988000000000015,609000,0.3336
2500,3000000,0.36988000000000015,609500,0.2864
2500,3000000,0.36988000000000015,610000,0.316
2500,3000000,0.36988000000000015,610500,0.2476
2500,3000000,0.36988000000000015,611000,0.3352
2500,3000000,0.36988000000000015,611500,0.298
2500,3000000,0.36988000000000015,612000,0.37
2500,3000000,0.36988000000000015,612500,0.282
2500,3000000,0.36988000000000015,613000,0.2436
2500,3000000,0.36988000000000015,613500,0.2512
2500,3000000,0.36988000000000015,614000,0.3316
2500,3000000,0.36988000000000015,614500,0.3436
2500,3000000,0.36988000000000015,615000,0.274
2500,3000000,0.36988000000000015,615500,0.2544
2500,3000000,0.36988000000000015,616000,0.2628
2500,3000000,0.36988000000000015,616500,0.1976
2500,3000000,0.36988000000000015,617000,0.2252
2500,3000000,0.36988000000000015,617500,0.2668
2500,3000000,0.36988000000000015,618000,0.266
2500,3000000,0.36988000000000015,618500,0.2672
2500,3000000,0.36988000000000015,619000,0.27
2500,3000000,0.36988000000000015,619500,0.256
2500,3000000,0.36988000000000015,620000,0.2868
2500,3000000,0.36988000000000015,620500,0.2432
2500,3000000,0.36988000000000015,621000,0.2932
2500,3000000,0.36988000000000015,621500,0.31
2500,3000000,0.36988000000000015,622000,0.3776
2500,3000000,0.36988000000000015,622500,0.2888
2500,3000000,0.36988000000000015,623000,0.384
2500,3000000,0.36988000000000015,623500,0.386
2500,3000000,0.36988000000000015,624000,0.3496
2500,3000000,0.36988000000000015,624500,0.3596
2500,3000000,0.36988000000000015,625000,0.3972
2500,3000000,0.36988000000000015,625500,0.2832
2500,3000000,0.36988000000000015,626000,0.2864
2500,3000000,0.36988000000000015,626500,0.304
2500,3000000,0.36988000000000015,627000,0.2904
2500,3000000,0.36988000000000015,627500,0.2568
2500,3000000,0.36988000000000015,628000,0.1996
2500,3000000,0.36988000000000015,628500,0.1664
2500,3000000,0.36988000000000015,629000,0.1468
2500,3000000,0.36988000000000015,629500,0.1576
2500,3000000,0.36988000000000015,630000,0.1824
2500,3000000,0.36988000000000015,630500,0.1972
2500,3000000,0.36988000000000015,631000,0.22
2500,3000000,0.36988000000000015,631500,0.208
2500,3000000,0.36988000000000015,632000,0.2
2500,3000000,0.36988000000000015,632500,0.2092
2500,3000000,0.36988000000000015,633000,0.2096
2500,3000000,0.36988000000000015,633500,0.22
2500,3000000,0.36988000000000015,634000,0.2272
2500,3000000,0.36988000000000015,634500,0.1976
2500,3000000,0.36988000000000015,635000,0.1684
2500,3000000,0.36988000000000015,635500,0.1956
2500,3000000,0.36988000000000015,636000,0.212
2500,3000000,0.36988000000000015,636500,0.2764
2500,3000000,0.36988000000000015,637000,0.2376
2500,3000000,0.36988000000000015,637500,0.248
2500,3000000,0.36988000000000015,638000,0.258
2500,3000000,0.36988000000000015,638500,0.2388
2500,3000000,0.36988000000000015,639000,0.2852
2500,3000000,0.36988000000000015,639500,0.296
2500,3000000,0.36988000000000015,640000,0.2304
2500,3000000,0.36988000000000015,640500,0.2136
2500,3000000,0.36988000000000015,641000,0.2672
2500,3000000,0.36988000000000015,641500,0.2684
2500,3000000,0.36988000000000015,642000,0.2652
2500,3000000,0.36988000000000015,642500,0.2944
2500,3000000,0.36988000000000015,643000,0.2492
2500,3000000,0.36988000000000015,643500,0.2488
2500,3000000,0.36988000000000015,644000,0.2772
2500,3000000,0.36988000000000015,644500,0.254
2500,3000000,0.36988000000000015,645000,0.2728
2500,3000000,0.36988000000000015,645500,0.3152
2500,3000000,0.36988000000000015,646000,0.3512
2500,3000000,0.36988000000000015,646500,0.3932
2500,3000000,0.36988000000000015,647000,0.3872
2500,3000000,0.36988000000000015,647500,0.3748
2500,3000000,0.36988000000000015,648000,0.3064
2500,3000000,0.36988000000000015,648500,0.2496
2500,3000000,0.36988000000000015,649000,0.3016
2500,3000000,0.36988000000000015,649500,0.338
2500,3000000,0.36988000000000015,650000,0.2452
2500,3000000,0.36988000000000015,650500,0.2632
2500,3000000,0.36988000000000015,651000,0.2776
2500,3000000,0.36988000000000015,651500,0.3412
2500,3000000,0.36988000000000015,652000,0.3424
2500,3000000,0.36988000000000015,652500,0.258
2500,3000000,0.36988000000000015,653000,0.2524
2500,3000000,0.36988000000000015,653500,0.2668
2500,3000000,0.36988000000000015,654000,0.2472
2500,3000000,0.36988000000000015,654500,0.2648
2500,3000000,0.36988000000000015,655000,0.2336
2500,3000000,0.36988000000000015,655500,0.2908
2500,3000000,0.36988000000000015,656000,0.2704
2500,3000000,0.36988000000000015,656500,0.3288
2500,3000000,0.36988000000000015,657000,0.3212
2500,3000000,0.36988000000000015,657500,0.3372
2500,3000000,0.36988000000000015,658000,0.2936
2500,3000000,0.36988000000000015,658500,0.2772
2500,3000000,0.36988000000000015,659000,0.282
2500,3000000,0.36988000000000015,659500,0.2892
2500,3000000,0.36988000000000015,660000,0.3316
2500,3000000,0.36988000000000015,660500,0.3464
2500,3000000,0.36988000000000015,661000,0.3768
2500,3000000,0.36988000000000015,661500,0.3288
2500,3000000,0.36988000000000015,662000,0.246
2500,3000000,0.36988000000000015,662500,0.2952
2500,3000000,0.36988000000000015,663000,0.2916
2500,3000000,0.36988000000000015,663500,0.3076
2500,3000000,0.36988000000000015,664000,0.2824
2500,3000000,0.36988000000000015,664500,0.3104
2500,3000000,0.36988000000000015,665000,0.244
2500,3000000,0.36988000000000015,665500,0.278
2500,3000000,0.36988000000000015,666000,0.3704
2500,3000000,0.36988000000000015,666500,0.3156
2500,3000000,0.36988000000000015,667000,0.3848
2500,3000000,0.36988000000000015,667500,0.402
2500,3000000,0.36988000000000015,668000,0.2748
2500,3000000,0.36988000000000015,668500,0.2316
2500,3000000,0.36988000000000015,669000,0.2492
2500,3000000,0.36988000000000015,669500,0.3124
2500,3000000,0.36988000000000015,670000,0.264
2500,3000000,0.36988000000000015,670500,0.2784
2500,3000000,0.36988000000000015,671000,0.2716
2500,3000000,0.36988000000000015,671500,0.2628
2500,3000000,0.36988000000000015,672000,0.2692
2500,3000000,0.36988000000000015,672500,0.2656
2500,3000000,0.36988000000000015,673000,0.2912
2500,3000000,0.36988000000000015,673500,0.3092
2500,3000000,0.36988000000000015,674000,0.3364
2500,3000000,0.36988000000000015,674500,0.314
2500,3000000,0.36988000000000015,675000,0.272
2500,3000000,0.36988000000000015,675500,0.2864
2500,3000000,0.36988000000000015,676000,0.2852
2500,3000000,0.36988000000000015,676500,0.3108
2500,3000000,0.36988000000000015,677000,0.2964
2500,3000000,0.36988000000000015,677500,0.3148
2500,3000000,0.36988000000000015,678000,0.3032
2500,3000000,0.36988000000000015,678500,0.3352
2500,3000000,0.36988000000000015,679000,0.3852
2500,3000000,0.36988000000000015,679500,0.3892
2500,3000000,0.36988000000000015,680000,0.3984
2500,3000000,0.36988000000000015,680500,0.46
2500,3000000,0.36988000000000015,681000,0.4596
2500,3000000,0.36988000000000015,681500,0.4552
2500,3000000,0.36988000000000015,682000,0.4564
2500,3000000,0.36988000000000015,682500,0.3932
2500,3000000,0.36988000000000015,683000,0.4276
2500,3000000,0.36988000000000015,683500,0.404
2500,3000000,0.36988000000000015,684000,0.3668
2500,3000000,0.36988000000000015,684500,0.3812
2500,3000000,0.36988000000000015,685000,0.3236
2500,3000000,0.36988000000000015,685500,0.3712
2500,3000000,0.36988000000000015,686000,0.3192
2500,3000000,0.36988000000000015,686500,0.282
2500,3000000,0.36988000000000015,687000,0.29
2500,3000000,0.36988000000000015,687500,0.3264
2500,3000000,0.36988000000000015,688000,0.3248
2500,3000000,0.36988000000000015,688500,0.304
2500,3000000,0.36988000000000015,689000,0.222
2500,3000000,0.36988000000000015,689500,0.2828
2500,3000000,0.36988000000000015,690000,0.2964
2500,3000000,0.36988000000000015,690500,0.2424
2500,3000000,0.36988000000000015,691000,0.242
2500,3000000,0.36988000000000015,691500,0.2608
2500,3000000,0.36988000000000015,692000,0.2088
2500,3000000,0.36988000000000015,692500,0.2312
2500,3000000,0.36988000000000015,693000,0.2552
2500,3000000,0.36988000000000015,693500,0.2192
2500,3000000,0.36988000000000015,694000,0.246
2500,3000000,0.36988000000000015,694500,0.258
2500,3000000,0.36988000000000015,695000,0.2108
2500,3000000,0.36988000000000015,695500,0.24
2500,3000000,0.36988000000000015,696000,0.2164
2500,3000000,0.36988000000000015,696500,0.2556
2500,3000000,0.36988000000000015,697000,0.288
2500,3000000,0.36988000000000015,697500,0.312
2500,3000000,0.36988000000000015,698000,0.336
2500,3000000,0.36988000000000015,698500,0.326
2500,3000000,0.36988000000000015,699000,0.316
2500,3000000,0.36988000000000015,699500,0.3812
2500,3000000,0.36988000000000015,700000,0.3028
2500,3000000,0.36988000000000015,700500,0.3072
2500,3000000,0.36988000000000015,701000,0.3004
2500,3000000,0.36988000000000015,701500,0.2756
2500,3000000,0.36988000000000015,702000,0.3772
2500,3000000,0.36988000000000015,702500,0.3324
2500,3000000,0.36988000000000015,703000,0.3756
2500,3000000,0.36988000000000015,703500,0.362
2500,3000000,0.36988000000000015,704000,0.378
2500,3000000,0.36988000000000015,704500,0.3548
2500,3000000,0.36988000000000015,705000,0.3376
2500,3000000,0.36988000000000015,705500,0.3488
2500,3000000,0.36988000000000015,706000,0.38
2500,3000000,0.36988000000000015,706500,0.4336
2500,3000000,0.36988000000000015,707000,0.4684
2500,3000000,0.36988000000000015,707500,0.4348
2500,3000000,0.36988000000000015,708000,0.336
2500,3000000,0.36988000000000015,708500,0.3056
2500,3000000,0.36988000000000015,709000,0.2692
2500,3000000,0.36988000000000015,709500,0.2876
2500,3000000,0.36988000000000015,710000,0.314
2500,3000000,0.36988000000000015,710500,0.2444
2500,3000000,0.36988000000000015,711000,0.2648
2500,3000000,0.36988000000000015,711500,0.2016
2500,3000000,0.36988000000000015,712000,0.2536
2500,3000000,0.36988000000000015,712500,0.312
2500,3000000,0.36988000000000015,713000,0.2912
2500,3000000,0.36988000000000015,713500,0.2764
2500,3000000,0.36988000000000015,714000,0.2164
2500,3000000,0.36988000000000015,714500,0.216
2500,3000000,0.36988000000000015,715000,0.2264
2500,3000000,0.36988000000000015,715500,0.3356
2500,3000000,0.36988000000000015,716000,0.3224
2500,3000000,0.36988000000000015,716500,0.3348
2500,3000000,0.36988000000000015,717000,0.2868
2500,3000000,0.36988000000000015,717500,0.2668
2500,3000000,0.36988000000000015,718000,0.2896
2500,3000000,0.36988000000000015,718500,0.3332
2500,3000000,0.36988000000000015,719000,0.3816
2500,3000000,0.36988000000000015,719500,0.3564
2500,3000000,0.36988000000000015,720000,0.4356
2500,3000000,0.36988000000000015,720500,0.2828
2500,3000000,0.36988000000000015,721000,0.3228
2500,3000000,0.36988000000000015,721500,0.4204
2500,3000000,0.36988000000000015,722000,0.3996
2500,3000000,0.36988000000000015,722500,0.3284
2500,3000000,0.36988000000000015,723000,0.3796
2500,3000000,0.36988000000000015,723500,0.4528
2500,3000000,0.36988000000000015,724000,0.3108
2500,3000000,0.36988000000000015,724500,0.3292
2500,3000000,0.36988000000000015,725000,0.296
2500,3000000,0.36988000000000015,725500,0.326
2500,3000000,0.36988000000000015,726000,0.304
2500,3000000,0.36988000000000015,726500,0.2736
2500,3000000,0.36988000000000015,727000,0.3048
2500,3000000,0.36988000000000015,727500,0.348
2500,3000000,0.36988000000000015,728000,0.2704
2500,3000000,0.36988000000000015,728500,0.3476
2500,3000000,0.36988000000000015,729000,0.3792
2500,3000000,0.36988000000000015,729500,0.3756
2500,3000000,0.36988000000000015,730000,0.3612
2500,3000000,0.36988000000000015,730500,0.4056
2500,3000000,0.36988000000000015,731000,0.458
2500,3000000,0.36988000000000015,731500,0.3888
2500,3000000,0.36988000000000015,732000,0.3856
2500,3000000,0.36988000000000015,732500,0.4304
2500,3000000,0.36988000000000015,733000,0.3352
2500,3000000,0.36988000000000015,733500,0.3712
2500,3000000,0.36988000000000015,734000,0.4164
2500,3000000,0.36988000000000015,734500,0.3544
2500,3000000,0.36988000000000015,735000,0.3136
2500,3000000,0.36988000000000015,735500,0.396
2500,3000000,0.36988000000000015,736000,0.2972
2500,3000000,0.36988000000000015,736500,0.2872
2500,3000000,0.36988000000000015,737000,0.2756
2500,3000000,0.36988000000000015,737500,0.2068
2500,3000000,0.36988000000000015,738000,0.2464
2500,3000000,0.36988000000000015,738500,0.2444
2500,3000000,0.36988000000000015,739000,0.246
2500,3000000,0.36988000000000015,739500,0.2272
2500,3000000,0.36988000000000015,740000,0.284
2500,3000000,0.36988000000000015,740500,0.3288
2500,3000000,0.36988000000000015,741000,0.2632
2500,3000000,0.36988000000000015,741500,0.2804
2500,3000000,0.36988000000000015,742000,0.2832
2500,3000000,0.36988000000000015,742500,0.2968
2500,3000000,0.36988000000000015,743000,0.3368
2500,3000000,0.36988000000000015,743500,0.3744
2500,3000000,0.36988000000000015,744000,0.318
2500,3000000,0.36988000000000015,744500,0.3588
2500,3000000,0.36988000000000015,745000,0.3552
2500,3000000,0.36988000000000015,745500,0.2956
2500,3000000,0.36988000000000015,746000,0.2736
2500,3000000,0.36988000000000015,746500,0.2576
2500,3000000,0.36988000000000015,747000,0.2836
2500,3000000,0.36988000000000015,747500,0.278
2500,3000000,0.36988000000000015,748000,0.246
2500,3000000,0.36988000000000015,748500,0.2416
2500,3000000,0.36988000000000015,749000,0.2152
2500,3000000,0.36988000000000015,749500,0.2112
2500,3000000,0.36988000000000015,750000,0.2328
2500,3000000,0.36988000000000015,750500,0.2704
2500,3000000,0.36988000000000015,751000,0.3144
2500,3000000,0.36988000000000015,751500,0.352
2500,3000000,0.36988000000000015,752000,0.2784
2500,3000000,0.36988000000000015,752500,0.2744
2500,3000000,0.36988000000000015,753000,0.3484
2500,3000000,0.36988000000000015,753500,0.3088
2500,3000000,0.36988000000000015,754000,0.3492
2500,3000000,0.36988000000000015,754500,0.3028
2500,3000000,0.36988000000000015,755000,0.3064
2500,3000000,0.36988000000000015,755500,0.2576
2500,3000000,0.36988000000000015,756000,0.2592
2500,3000000,0.36988000000000015,756500,0.234
2500,3000000,0.36988000000000015,757000,0.2788
2500,3000000,0.36988000000000015,757500,0.3208
2500,3000000,0.36988000000000015,758000,0.3508
2500,3000000,0.36988000000000015,758500,0.3716
2500,3000000,0.36988000000000015,759000,0.4024
2500,3000000,0.36988000000000015,759500,0.336
2500,3000000,0.36988000000000015,760000,0.3904
2500,3000000,0.36988000000000015,760500,0.3488
2500,3000000,0.36988000000000015,761000,0.3408
2500,3000000,0.36988000000000015,761500,0.2844
2500,3000000,0.36988000000000015,762000,0.2312
2500,3000000,0.36988000000000015,762500,0.2488
2500,3000000,0.36988000000000015,763000,0.2692
2500,3000000,0.36988000000000015,763500,0.2964
2500,3000000,0.36988000000000015,764000,0.28
2500,3000000,0.36988000000000015,764500,0.3512
2500,3000000,0.36988000000000015,765000,0.3096
2500,3000000,0.36988000000000015,765500,0.3172
2500,3000000,0.36988000000000015,766000,0.3592
2500,3000000,0.36988000000000015,766500,0.3464
2500,3000000,0.36988000000000015,767000,0.3084
2500,3000000,0.36988000000000015,767500,0.268
2500,3000000,0.36988000000000015,768000,0.2912
2500,3000000,0.36988000000000015,768500,0.3284
2500,3000000,0.36988000000000015,769000,0.312
2500,3000000,0.36988000000000015,769500,0.2988
2500,3000000,0.36988000000000015,770000,0.232
2500,3000000,0.36988000000000015,770500,0.328
2500,3000000,0.36988000000000015,771000,0.268
2500,3000000,0.36988000000000015,771500,0.3256
2500,3000000,0.36988000000000015,772000,0.3456
2500,3000000,0.36988000000000015,772500,0.3616
2500,3000000,0.36988000000000015,773000,0.3336
2500,3000000,0.36988000000000015,773500,0.3784
2500,3000000,0.36988000000000015,774000,0.3148
2500,3000000,0.36988000000000015,774500,0.3088
2500,3000000,0.36988000000000015,775000,0.3496
2500,3000000,0.36988000000000015,775500,0.3504
2500,3000000,0.36988000000000015,776000,0.358
2500,3000000,0.36988000000000015,776500,0.3112
2500,3000000,0.36988000000000015,777000,0.3324
2500,3000000,0.36988000000000015,777500,0.3292
2500,3000000,0.36988000000000015,778000,0.3408
2500,3000000,0.36988000000000015,778500,0.3216
2500,3000000,0.36988000000000015,779000,0.3412
2500,3000000,0.36988000000000015,779500,0.3008
2500,3000000,0.36988000000000015,780000,0.3764
2500,3000000,0.36988000000000015,780500,0.312
2500,3000000,0.36988000000000015,781000,0.3264
2500,3000000,0.36988000000000015,781500,0.278
2500,3000000,0.36988000000000015,782000,0.2888
2500,3000000,0.36988000000000015,782500,0.3264
2500,3000000,0.36988000000000015,783000,0.2764
2500,3000000,0.36988000000000015,783500,0.3064
2500,3000000,0.36988000000000015,784000,0.284
2500,3000000,0.36988000000000015,784500,0.2844
2500,3000000,0.36988000000000015,785000,0.3452
2500,3000000,0.36988000000000015,785500,0.3948
2500,3000000,0.36988000000000015,786000,0.4372
2500,3000000,0.36988000000000015,786500,0.4264
2500,3000000,0.36988000000000015,787000,0.3732
2500,3000000,0.36988000000000015,787500,0.402
2500,3000000,0.36988000000000015,788000,0.3552
2500,3000000,0.36988000000000015,788500,0.3068
2500,3000000,0.36988000000000015,789000,0.302
2500,3000000,0.36988000000000015,789500,0.2684
2500,3000000,0.36988000000000015,790000,0.2652
2500,3000000,0.36988000000000015,790500,0.2836
2500,3000000,0.36988000000000015,791000,0.326
2500,3000000,0.36988000000000015,791500,0.2776
2500,3000000,0.36988000000000015,792000,0.2528
2500,3000000,0.36988000000000015,792500,0.262
2500,3000000,0.36988000000000015,793000,0.2444
2500,3000000,0.36988000000000015,793500,0.2
2500,3000000,0.36988000000000015,794000,0.2064
2500,3000000,0.36988000000000015,794500,0.204
2500,3000000,0.36988000000000015,795000,0.1904
2500,3000000,0.36988000000000015,795500,0.1752
2500,3000000,0.36988000000000015,796000,0.1652
2500,3000000,0.36988000000000015,796500,0.1636
2500,3000000,0.36988000000000015,797000,0.1792
2500,3000000,0.36988000000000015,797500,0.168
2500,3000000,0.36988000000000015,798000,0.212
2500,3000000,0.36988000000000015,798500,0.194
2500,3000000,0.36988000000000015,799000,0.1976
2500,3000000,0.36988000000000015,799500,0.1612
2500,3000000,0.36988000000000015,800000,0.1072
2500,3000000,0.36988000000000015,800500,0.1192
2500,3000000,0.36988000000000015,801000,0.0804
2500,3000000,0.36988000000000015,801500,0.1164
2500,3000000,0.36988000000000015,802000,0.0948
2500,3000000,0.36988000000000015,802500,0.0956
2500,3000000,0.36988000000000015,803000,0.1292
2500,3000000,0.36988000000000015,803500,0.1264
2500,3000000,0.36988000000000015,804000,0.0732
2500,3000000,0.36988000000000015,804500,0.1228
2500,3000000,0.36988000000000015,805000,0.1604
2500,3000000,0.36988000000000015,805500,0.1192
2500,3000000,0.36988000000000015,806000,0.1456
2500,3000000,0.36988000000000015,806500,0.1312
2500,3000000,0.36988000000000015,807000,0.1236
2500,3000000,0.36988000000000015,807500,0.1104
2500,3000000,0.36988000000000015,808000,0.1456
2500,3000000,0.36988000000000015,808500,0.1808
2500,3000000,0.36988000000000015,809000,0.1312
2500,3000000,0.36988000000000015,809500,0.146
2500,3000000,0.36988000000000015,810000,0.158
2500,3000000,0.36988000000000015,810500,0.1504
2500,3000000,0.36988000000000015,811000,0.1412
2500,3000000,0.36988000000000015,811500,0.1488
2500,3000000,0.36988000000000015,812000,0.1144
2500,3000000,0.36988000000000015,812500,0.1944
2500,3000000,0.36988000000000015,813000,0.1692
2500,3000000,0.36988000000000015,813500,0.2016
2500,3000000,0.36988000000000015,814000,0.1524
2500,3000000,0.36988000000000015,814500,0.1564
2500,3000000,0.36988000000000015,815000,0.1436
2500,3000000,0.36988000000000015,815500,0.1556
2500,3000000,0.36988000000000015,816000,0.1572
2500,3000000,0.36988000000000015,816500,0.2392
2500,3000000,0.36988000000000015,817000,0.2612
2500,3000000,0.36988000000000015,817500,0.2088
2500,3000000,0.36988000000000015,818000,0.1776
2500,3000000,0.36988000000000015,818500,0.0916
2500,3000000,0.36988000000000015,819000,0.136
2500,3000000,0.36988000000000015,819500,0.1448
2500,3000000,0.36988000000000015,820000,0.1392
2500,3000000,0.36988000000000015,820500,0.1792
2500,3000000,0.36988000000000015,821000,0.1244
2500,3000000,0.36988000000000015,821500,0.168
2500,3000000,0.36988000000000015,822000,0.1412
2500,3000000,0.36988000000000015,822500,0.138
2500,3000000,0.36988000000000015,823000,0.1296
2500,3000000,0.36988000000000015,823500,0.16
2500,3000000,0.36988000000000015,824000,0.1804
2500,3000000,0.36988000000000015,824500,0.152
2500,3000000,0.36988000000000015,825000,0.1268
2500,3000000,0.36988000000000015,825500,0.1628
2500,3000000,0.36988000000000015,826000,0.1828
2500,3000000,0.36988000000000015,826500,0.1892
2500,3000000,0.36988000000000015,827000,0.1596
2500,3000000,0.36988000000000015,827500,0.1488
2500,3000000,0.36988000000000015,828000,0.144
2500,3000000,0.36988000000000015,828500,0.158
2500,3000000,0.36988000000000015,829000,0.1528
2500,3000000,0.36988000000000015,829500,0.15
2500,3000000,0.36988000000000015,830000,0.1816
2500,3000000,0.36988000000000015,830500,0.2016
2500,3000000,0.36988000000000015,831000,0.244
2500,3000000,0.36988000000000015,831500,0.2024
2500,3000000,0.36988000000000015,832000,0.2616
2500,3000000,0.36988000000000015,832500,0.2252
2500,3000000,0.36988000000000015,833000,0.2384
2500,3000000,0.36988000000000015,833500,0.262
2500,3000000,0.36988000000000015,834000,0.262
2500,3000000,0.36988000000000015,834500,0.2464
2500,3000000,0.36988000000000015,835000,0.2676
2500,3000000,0.36988000000000015,835500,0.284
2500,3000000,0.36988000000000015,836000,0.312
2500,3000000,0.36988000000000015,836500,0.2904
2500,3000000,0.36988000000000015,837000,0.2552
2500,3000000,0.36988000000000015,837500,0.2672
2500,3000000,0.36988000000000015,838000,0.2996
2500,3000000,0.36988000000000015,838500,0.2588
2500,3000000,0.36988000000000015,839000,0.3068
2500,3000000,0.36988000000000015,839500,0.3056
2500,3000000,0.36988000000000015,840000,0.3616
2500,3000000,0.36988000000000015,840500,0.3932
2500,3000000,0.36988000000000015,841000,0.3444
2500,3000000,0.36988000000000015,841500,0.3312
2500,3000000,0.36988000000000015,842000,0.3328
2500,3000000,0.36988000000000015,842500,0.3472
2500,3000000,0.36988000000000015,843000,0.328
2500,3000000,0.36988000000000015,843500,0.3596
2500,3000000,0.36988000000000015,844000,0.4156
2500,3000000,0.36988000000000015,844500,0.382
2500,3000000,0.36988000000000015,845000,0.3144
2500,3000000,0.36988000000000015,845500,0.32
2500,3000000,0.36988000000000015,846000,0.3256
2500,3000000,0.36988000000000015,846500,0.36
2500,3000000,0.36988000000000015,847000,0.3176
2500,3000000,0.36988000000000015,847500,0.2876
2500,3000000,0.36988000000000015,848000,0.2748
2500,3000000,0.36988000000000015,848500,0.2788
2500,3000000,0.36988000000000015,849000,0.298
2500,3000000,0.36988000000000015,849500,0.2936
2500,3000000,0.36988000000000015,850000,0.2992
2500,3000000,0.36988000000000015,850500,0.334
2500,3000000,0.36988000000000015,851000,0.29
2500,3000000,0.36988000000000015,851500,0.33
2500,3000000,0.36988000000000015,852000,0.2868
2500,3000000,0.36988000000000015,852500,0.3816
2500,3000000,0.36988000000000015,853000,0.2896
2500,3000000,0.36988000000000015,853500,0.3268
2500,3000000,0.36988000000000015,854000,0.3224
2500,3000000,0.36988000000000015,854500,0.3148
2500,3000000,0.36988000000000015,855000,0.3328
2500,3000000,0.36988000000000015,855500,0.3216
2500,3000000,0.36988000000000015,856000,0.3032
2500,3000000,0.36988000000000015,856500,0.3588
2500,3000000,0.36988000000000015,857000,0.3088
2500,3000000,0.36988000000000015,857500,0.3708
2500,3000000,0.36988000000000015,858000,0.3248
2500,3000000,0.36988000000000015,858500,0.3632
2500,3000000,0.36988000000000015,859000,0.3688
2500,3000000,0.36988000000000015,859500,0.3496
2500,3000000,0.36988000000000015,860000,0.332
2500,3000000,0.36988000000000015,860500,0.3704
2500,3000000,0.36988000000000015,861000,0.466
2500,3000000,0.36988000000000015,861500,0.4524
2500,3000000,0.36988000000000015,862000,0.3556
2500,3000000,0.36988000000000015,862500,0.3576
2500,3000000,0.36988000000000015,863000,0.3376
2500,3000000,0.36988000000000015,863500,0.3644
2500,3000000,0.36988000000000015,864000,0.4336
2500,3000000,0.36988000000000015,864500,0.3752
2500,3000000,0.36988000000000015,865000,0.4176
2500,3000000,0.36988000000000015,865500,0.4356
2500,3000000,0.36988000000000015,866000,0.3616
2500,3000000,0.36988000000000015,866500,0.314
2500,3000000,0.36988000000000015,867000,0.2852
2500,3000000,0.36988000000000015,867500,0.264
2500,3000000,0.36988000000000015,868000,0.2908
2500,3000000,0.36988000000000015,868500,0.2064
2500,3000000,0.36988000000000015,869000,0.2456
2500,3000000,0.36988000000000015,869500,0.2624
2500,3000000,0.36988000000000015,870000,0.2768
2500,3000000,0.36988000000000015,870500,0.3288
2500,3000000,0.36988000000000015,871000,0.4208
2500,3000000,0.36988000000000015,871500,0.3836
2500,3000000,0.36988000000000015,872000,0.328
2500,3000000,0.36988000000000015,872500,0.3276
2500,3000000,0.36988000000000015,873000,0.3292
2500,3000000,0.36988000000000015,873500,0.2988
2500,3000000,0.36988000000000015,874000,0.3564
2500,3000000,0.36988000000000015,874500,0.3488
2500,3000000,0.36988000000000015,875000,0.3608
2500,3000000,0.36988000000000015,875500,0.3104
2500,3000000,0.36988000000000015,876000,0.3104
2500,3000000,0.36988000000000015,876500,0.3432
2500,3000000,0.36988000000000015,877000,0.2932
2500,3000000,0.36988000000000015,877500,0.3356
2500,3000000,0.36988000000000015,878000,0.31
2500,3000000,0.36988000000000015,878500,0.3408
2500,3000000,0.36988000000000015,879000,0.3144
2500,3000000,0.36988000000000015,879500,0.2768
2500,3000000,0.36988000000000015,880000,0.2788
2500,3000000,0.36988000000000015,880500,0.2332
2500,3000000,0.36988000000000015,881000,0.2392
2500,3000000,0.36988000000000015,881500,0.2748
2500,3000000,0.36988000000000015,882000,0.3048
2500,3000000,0.36988000000000015,882500,0.32
2500,3000000,0.36988000000000015,883000,0.2668
2500,3000000,0.36988000000000015,883500,0.2464
2500,3000000,0.36988000000000015,884000,0.2916
2500,3000000,0.36988000000000015,884500,0.3184
2500,3000000,0.36988000000000015,885000,0.2712
2500,3000000,0.36988000000000015,885500,0.3084
2500,3000000,0.36988000000000015,886000,0.3048
2500,3000000,0.36988000000000015,886500,0.2928
2500,3000000,0.36988000000000015,887000,0.2808
2500,3000000,0.36988000000000015,887500,0.278
2500,3000000,0.36988000000000015,888000,0.2724
2500,3000000,0.36988000000000015,888500,0.3216
2500,3000000,0.36988000000000015,889000,0.3536
2500,3000000,0.36988000000000015,889500,0.4224
2500,3000000,0.36988000000000015,890000,0.328
2500,3000000,0.36988000000000015,890500,0.3292
2500,3000000,0.36988000000000015,891000,0.338
2500,3000000,0.36988000000000015,891500,0.3984
2500,3000000,0.36988000000000015,892000,0.388
2500,3000000,0.36988000000000015,892500,0.4432
2500,3000000,0.36988000000000015,893000,0.452
2500,3000000,0.36988000000000015,893500,0.4188
2500,3000000,0.36988000000000015,894000,0.4404
2500,3000000,0.36988000000000015,894500,0.4472
2500,3000000,0.36988000000000015,895000,0.412
2500,3000000,0.36988000000000015,895500,0.426
2500,3000000,0.36988000000000015,896000,0.506
2500,3000000,0.36988000000000015,896500,0.4692
2500,3000000,0.36988000000000015,897000,0.5364
2500,3000000,0.36988000000000015,897500,0.4512
2500,3000000,0.36988000000000015,898000,0.4032
2500,3000000,0.36988000000000015,898500,0.4352
2500,3000000,0.36988000000000015,899000,0.4204
2500,3000000,0.36988000000000015,899500,0.3932
2500,3000000,0.36988000000000015,900000,0.2764
2500,3000000,0.36988000000000015,900500,0.3852
2500,3000000,0.36988000000000015,901000,0.3804
2500,3000000,0.36988000000000015,901500,0.3836
2500,3000000,0.36988000000000015,902000,0.3276
2500,3000000,0.36988000000000015,902500,0.3412
2500,3000000,0.36988000000000015,903000,0.36
2500,3000000,0.36988000000000015,903500,0.3452
2500,3000000,0.36988000000000015,904000,0.3064
2500,3000000,0.36988000000000015,904500,0.2932
2500,3000000,0.36988000000000015,905000,0.264
2500,3000000,0.36988000000000015,905500,0.294
2500,3000000,0.36988000000000015,906000,0.3104
2500,3000000,0.36988000000000015,906500,0.346
2500,3000000,0.36988000000000015,907000,0.3344
2500,3000000,0.36988000000000015,907500,0.3636
2500,3000000,0.36988000000000015,908000,0.3424
2500,3000000,0.36988000000000015,908500,0.3068
2500,3000000,0.36988000000000015,909000,0.2592
2500,3000000,0.36988000000000015,909500,0.252
2500,3000000,0.36988000000000015,910000,0.1888
2500,3000000,0.36988000000000015,910500,0.2696
2500,3000000,0.36988000000000015,911000,0.236
2500,3000000,0.36988000000000015,911500,0.2624
2500,3000000,0.36988000000000015,912000,0.2468
2500,3000000,0.36988000000000015,912500,0.29
2500,3000000,0.36988000000000015,913000,0.252
2500,3000000,0.36988000000000015,913500,0.3116
2500,3000000,0.36988000000000015,914000,0.286
2500,3000000,0.36988000000000015,914500,0.262
2500,3000000,0.36988000000000015,915000,0.2796
2500,3000000,0.36988000000000015,915500,0.3104
2500,3000000,0.36988000000000015,916000,0.3388
2500,3000000,0.36988000000000015,916500,0.3556
2500,3000000,0.36988000000000015,917000,0.3804
2500,3000000,0.36988000000000015,917500,0.4172
2500,3000000,0.36988000000000015,918000,0.3372
2500,3000000,0.36988000000000015,918500,0.3396
2500,3000000,0.36988000000000015,919000,0.3364
2500,3000000,0.36988000000000015,919500,0.3508
2500,3000000,0.36988000000000015,920000,0.3596
2500,3000000,0.36988000000000015,920500,0.3648
2500,3000000,0.36988000000000015,921000,0.3528
2500,3000000,0.36988000000000015,921500,0.3936
2500,3000000,0.36988000000000015,922000,0.3592
2500,3000000,0.36988000000000015,922500,0.3304
2500,3000000,0.36988000000000015,923000,0.2244
2500,3000000,0.36988000000000015,923500,0.2424
2500,3000000,0.36988000000000015,924000,0.2284
2500,3000000,0.36988000000000015,924500,0.2784
2500,3000000,0.36988000000000015,925000,0.2892
2500,3000000,0.36988000000000015,925500,0.278
2500,3000000,0.36988000000000015,926000,0.3308
2500,3000000,0.36988000000000015,926500,0.312
2500,3000000,0.36988000000000015,927000,0.2632
2500,3000000,0.36988000000000015,927500,0.326
2500,3000000,0.36988000000000015,928000,0.3008
2500,3000000,0.36988000000000015,928500,0.2876
2500,3000000,0.36988000000000015,929000,0.2956
2500,3000000,0.36988000000000015,929500,0.258
2500,3000000,0.36988000000000015,930000,0.2788
2500,3000000,0.36988000000000015,930500,0.3104
2500,3000000,0.36988000000000015,931000,0.27
2500,3000000,0.36988000000000015,931500,0.264
2500,3000000,0.36988000000000015,932000,0.262
2500,3000000,0.36988000000000015,932500,0.3252
2500,3000000,0.36988000000000015,933000,0.2792
2500,3000000,0.36988000000000015,933500,0.3152
2500,3000000,0.36988000000000015,934000,0.332
2500,3000000,0.36988000000000015,934500,0.2648
2500,3000000,0.36988000000000015,935000,0.3312
2500,3000000,0.36988000000000015,935500,0.378
2500,3000000,0.36988000000000015,936000,0.3464
2500,3000000,0.36988000000000015,936500,0.3008
2500,3000000,0.36988000000000015,937000,0.3288
2500,3000000,0.36988000000000015,937500,0.3208
2500,3000000,0.36988000000000015,938000,0.4076
2500,3000000,0.36988000000000015,938500,0.384
2500,3000000,0.36988000000000015,939000,0.3608
2500,3000000,0.36988000000000015,939500,0.3476
2500,3000000,0.36988000000000015,940000,0.34
2500,3000000,0.36988000000000015,940500,0.3868
2500,3000000,0.36988000000000015,941000,0.3248
2500,3000000,0.36988000000000015,941500,0.2788
2500,3000000,0.36988000000000015,942000,0.3708
2500,3000000,0.36988000000000015,942500,0.3876
2500,3000000,0.36988000000000015,943000,0.3112
2500,3000000,0.36988000000000015,943500,0.3664
2500,3000000,0.36988000000000015,944000,0.3404
2500,3000000,0.36988000000000015,944500,0.3468
2500,3000000,0.36988000000000015,945000,0.372
2500,3000000,0.36988000000000015,945500,0.3004
2500,3000000,0.36988000000000015,946000,0.2852
2500,3000000,0.36988000000000015,946500,0.3092
2500,3000000,0.36988000000000015,947000,0.2984
2500,3000000,0.36988000000000015,947500,0.3044
2500,3000000,0.36988000000000015,948000,0.3176
2500,3000000,0.36988000000000015,948500,0.3752
2500,3000000,0.36988000000000015,949000,0.3952
2500,3000000,0.36988000000000015,949500,0.4044
2500,3000000,0.36988000000000015,950000,0.2768
2500,3000000,0.36988000000000015,950500,0.296
2500,3000000,0.36988000000000015,951000,0.3092
2500,3000000,0.36988000000000015,951500,0.3128
2500,3000000,0.36988000000000015,952000,0.3648
2500,3000000,0.36988000000000015,952500,0.3256
2500,3000000,0.36988000000000015,953000,0.2884
2500,3000000,0.36988000000000015,953500,0.2904
2500,3000000,0.36988000000000015,954000,0.342
2500,3000000,0.36988000000000015,954500,0.2972
2500,3000000,0.36988000000000015,955000,0.2772
2500,3000000,0.36988000000000015,955500,0.2784
2500,3000000,0.36988000000000015,956000,0.3428
2500,3000000,0.36988000000000015,956500,0.3512
2500,3000000,0.36988000000000015,957000,0.3476
2500,3000000,0.36988000000000015,957500,0.3568
2500,3000000,0.36988000000000015,958000,0.3008
2500,3000000,0.36988000000000015,958500,0.3864
2500,3000000,0.36988000000000015,959000,0.3188
2500,3000000,0.36988000000000015,959500,0.392
2500,3000000,0.36988000000000015,960000,0.2932
2500,3000000,0.36988000000000015,960500,0.2644
2500,3000000,0.36988000000000015,961000,0.244
2500,3000000,0.36988000000000015,961500,0.2776
2500,3000000,0.36988000000000015,962000,0.2444
2500,3000000,0.36988000000000015,962500,0.258
2500,3000000,0.36988000000000015,963000,0.2892
2500,3000000,0.36988000000000015,963500,0.3404
2500,3000000,0.36988000000000015,964000,0.2608
2500,3000000,0.36988000000000015,964500,0.3784
2500,3000000,0.36988000000000015,965000,0.3028
2500,3000000,0.36988000000000015,965500,0.3032
2500,3000000,0.36988000000000015,966000,0.3376
2500,3000000,0.36988000000000015,966500,0.3388
2500,3000000,0.36988000000000015,967000,0.2656
2500,3000000,0.36988000000000015,967500,0.3044
2500,3000000,0.36988000000000015,968000,0.2488
2500,3000000,0.36988000000000015,968500,0.2668
2500,3000000,0.36988000000000015,969000,0.272
2500,3000000,0.36988000000000015,969500,0.29
2500,3000000,0.36988000000000015,970000,0.3304
2500,3000000,0.36988000000000015,970500,0.3904
2500,3000000,0.36988000000000015,971000,0.2948
2500,3000000,0.36988000000000015,971500,0.2736
2500,3000000,0.36988000000000015,972000,0.2904
2500,3000000,0.36988000000000015,972500,0.2972
2500,3000000,0.36988000000000015,973000,0.3232
2500,3000000,0.36988000000000015,973500,0.33
2500,3000000,0.36988000000000015,974000,0.3116
2500,3000000,0.36988000000000015,974500,0.2928
2500,3000000,0.36988000000000015,975000,0.3708
2500,3000000,0.36988000000000015,975500,0.3024
2500,3000000,0.36988000000000015,976000,0.2924
2500,3000000,0.36988000000000015,976500,0.3076
2500,3000000,0.36988000000000015,977000,0.3024
2500,3000000,0.36988000000000015,977500,0.2448
2500,3000000,0.36988000000000015,978000,0.2168
2500,3000000,0.36988000000000015,978500,0.2204
2500,3000000,0.36988000000000015,979000,0.2236
2500,3000000,0.36988000000000015,979500,0.226
2500,3000000,0.36988000000000015,980000,0.214
2500,3000000,0.36988000000000015,980500,0.1784
2500,3000000,0.36988000000000015,981000,0.1512
2500,3000000,0.36988000000000015,981500,0.1812
2500,3000000,0.36988000000000015,982000,0.1364
2500,3000000,0.36988000000000015,982500,0.122
2500,3000000,0.36988000000000015,983000,0.1796
2500,3000000,0.36988000000000015,983500,0.1756
2500,3000000,0.36988000000000015,984000,0.2344
2500,3000000,0.36988000000000015,984500,0.2228
2500,3000000,0.36988000000000015,985000,0.232
2500,3000000,0.36988000000000015,985500,0.226
2500,3000000,0.36988000000000015,986000,0.1808
2500,3000000,0.36988000000000015,986500,0.1948
2500,3000000,0.36988000000000015,987000,0.1536
2500,3000000,0.36988000000000015,987500,0.2236
2500,3000000,0.36988000000000015,988000,0.1796
2500,3000000,0.36988000000000015,988500,0.2092
2500,3000000,0.36988000000000015,989000,0.2248
2500,3000000,0.36988000000000015,989500,0.2612
2500,3000000,0.36988000000000015,990000,0.286
2500,3000000,0.36988000000000015,990500,0.28
2500,3000000,0.36988000000000015,991000,0.3328
2500,3000000,0.36988000000000015,991500,0.3588
2500,3000000,0.36988000000000015,992000,0.3364
2500,3000000,0.36988000000000015,992500,0.2988
2500,3000000,0.36988000000000015,993000,0.3216
2500,3000000,0.36988000000000015,993500,0.3024
2500,3000000,0.36988000000000015,994000,0.308
2500,3000000,0.36988000000000015,994500,0.288
2500,3000000,0.36988000000000015,995000,0.3184
2500,3000000,0.36988000000000015,995500,0.322
2500,3000000,0.36988000000000015,996000,0.3336
2500,3000000,0.36988000000000015,996500,0.3636
2500,3000000,0.36988000000000015,997000,0.3276
2500,3000000,0.36988000000000015,997500,0.2648
2500,3000000,0.36988000000000015,998000,0.3088
2500,3000000,0.36988000000000015,998500,0.3064
2500,3000000,0.36988000000000015,999000,0.3012
2500,3000000,0.36988000000000015,999500,0.3152
2500,3000000,0.36988000000000015,1000000,0.3528
2500,3000000,0.36988000000000015,1000500,0.3228
2500,3000000,0.36988000000000015,1001000,0.3296
2500,3000000,0.36988000000000015,1001500,0.3824
2500,3000000,0.36988000000000015,1002000,0.3416
2500,3000000,0.36988000000000015,1002500,0.3112
2500,3000000,0.36988000000000015,1003000,0.3128
2500,3000000,0.36988000000000015,1003500,0.312
2500,3000000,0.36988000000000015,1004000,0.3048
2500,3000000,0.36988000000000015,1004500,0.386
2500,3000000,0.36988000000000015,1005000,0.3116
2500,3000000,0.36988000000000015,1005500,0.2988
2500,3000000,0.36988000000000015,1006000,0.3564
2500,3000000,0.36988000000000015,1006500,0.3004
2500,3000000,0.36988000000000015,1007000,0.2408
2500,3000000,0.36988000000000015,1007500,0.2812
2500,3000000,0.36988000000000015,1008000,0.3176
2500,3000000,0.36988000000000015,1008500,0.2756
2500,3000000,0.36988000000000015,1009000,0.2448
2500,3000000,0.36988000000000015,1009500,0.2888
2500,3000000,0.36988000000000015,1010000,0.3084
2500,3000000,0.36988000000000015,1010500,0.2676
2500,3000000,0.36988000000000015,1011000,0.3324
2500,3000000,0.36988000000000015,1011500,0.2648
2500,3000000,0.36988000000000015,1012000,0.3764
2500,3000000,0.36988000000000015,1012500,0.3196
2500,3000000,0.36988000000000015,1013000,0.3132
2500,3000000,0.36988000000000015,1013500,0.2692
2500,3000000,0.36988000000000015,1014000,0.3124
2500,3000000,0.36988000000000015,1014500,0.3364
2500,3000000,0.36988000000000015,1015000,0.3208
2500,3000000,0.36988000000000015,1015500,0.3288
2500,3000000,0.36988000000000015,1016000,0.3184
2500,3000000,0.36988000000000015,1016500,0.3544
2500,3000000,0.36988000000000015,1017000,0.3692
2500,3000000,0.36988000000000015,1017500,0.3244
2500,3000000,0.36988000000000015,1018000,0.3096
2500,3000000,0.36988000000000015,1018500,0.322
2500,3000000,0.36988000000000015,1019000,0.3184
2500,3000000,0.36988000000000015,1019500,0.3192
2500,3000000,0.36988000000000015,1020000,0.3248
2500,3000000,0.36988000000000015,1020500,0.38
2500,3000000,0.36988000000000015,1021000,0.3548
2500,3000000,0.36988000000000015,1021500,0.3124
2500,3000000,0.36988000000000015,1022000,0.3324
2500,3000000,0.36988000000000015,1022500,0.312
2500,3000000,0.36988000000000015,1023000,0.3116
2500,3000000,0.36988000000000015,1023500,0.3472
2500,3000000,0.36988000000000015,1024000,0.3272
2500,3000000,0.36988000000000015,1024500,0.318
2500,3000000,0.36988000000000015,1025000,0.33
2500,3000000,0.36988000000000015,1025500,0.32
2500,3000000,0.36988000000000015,1026000,0.334
2500,3000000,0.36988000000000015,1026500,0.2528
2500,3000000,0.36988000000000015,1027000,0.3092
2500,3000000,0.36988000000000015,1027500,0.3052
2500,3000000,0.36988000000000015,1028000,0.4008
2500,3000000,0.36988000000000015,1028500,0.3108
2500,3000000,0.36988000000000015,1029000,0.2908
2500,3000000,0.36988000000000015,1029500,0.3612
2500,3000000,0.36988000000000015,1030000,0.3064
2500,3000000,0.36988000000000015,1030500,0.3136
2500,3000000,0.36988000000000015,1031000,0.302
2500,3000000,0.36988000000000015,1031500,0.3228
2500,3000000,0.36988000000000015,1032000,0.2472
2500,3000000,0.36988000000000015,1032500,0.2392
2500,3000000,0.36988000000000015,1033000,0.3092
2500,3000000,0.36988000000000015,1033500,0.318
2500,3000000,0.36988000000000015,1034000,0.2596
2500,3000000,0.36988000000000015,1034500,0.2172
2500,3000000,0.36988000000000015,1035000,0.2616
2500,3000000,0.36988000000000015,1035500,0.2236
2500,3000000,0.36988000000000015,1036000,0.2316
2500,3000000,0.36988000000000015,1036500,0.2044
2500,3000000,0.36988000000000015,1037000,0.1948
2500,3000000,0.36988000000000015,1037500,0.2536
2500,3000000,0.36988000000000015,1038000,0.2416
2500,3000000,0.36988000000000015,1038500,0.1784
2500,3000000,0.36988000000000015,1039000,0.1984
2500,3000000,0.36988000000000015,1039500,0.2472
2500,3000000,0.36988000000000015,1040000,0.1896
2500,3000000,0.36988000000000015,1040500,0.2364
2500,3000000,0.36988000000000015,1041000,0.2224
2500,3000000,0.36988000000000015,1041500,0.2252
2500,3000000,0.36988000000000015,1042000,0.2276
2500,3000000,0.36988000000000015,1042500,0.2392
2500,3000000,0.36988000000000015,1043000,0.2064
2500,3000000,0.36988000000000015,1043500,0.2112
2500,3000000,0.36988000000000015,1044000,0.234
2500,3000000,0.36988000000000015,1044500,0.2764
2500,3000000,0.36988000000000015,1045000,0.3216
2500,3000000,0.36988000000000015,1045500,0.3032
2500,3000000,0.36988000000000015,1046000,0.2876
2500,3000000,0.36988000000000015,1046500,0.2448
2500,3000000,0.36988000000000015,1047000,0.262
2500,3000000,0.36988000000000015,1047500,0.2532
2500,3000000,0.36988000000000015,1048000,0.23
2500,3000000,0.36988000000000015,1048500,0.2356
2500,3000000,0.36988000000000015,1049000,0.2652
2500,3000000,0.36988000000000015,1049500,0.3408
2500,3000000,0.36988000000000015,1050000,0.3508
2500,3000000,0.36988000000000015,1050500,0.3472
2500,3000000,0.36988000000000015,1051000,0.3232
2500,3000000,0.36988000000000015,1051500,0.354
2500,3000000,0.36988000000000015,1052000,0.3012
2500,3000000,0.36988000000000015,1052500,0.2752
2500,3000000,0.36988000000000015,1053000,0.3072
2500,3000000,0.36988000000000015,1053500,0.3684
2500,3000000,0.36988000000000015,1054000,0.382
2500,3000000,0.36988000000000015,1054500,0.3452
2500,3000000,0.36988000000000015,1055000,0.3284
2500,3000000,0.36988000000000015,1055500,0.2972
2500,3000000,0.36988000000000015,1056000,0.3156
2500,3000000,0.36988000000000015,1056500,0.2844
2500,3000000,0.36988000000000015,1057000,0.3336
2500,3000000,0.36988000000000015,1057500,0.32
2500,3000000,0.36988000000000015,1058000,0.3276
2500,3000000,0.36988000000000015,1058500,0.2912
2500,3000000,0.36988000000000015,1059000,0.3016
2500,3000000,0.36988000000000015,1059500,0.2708
2500,3000000,0.36988000000000015,1060000,0.3324
2500,3000000,0.36988000000000015,1060500,0.2976
2500,3000000,0.36988000000000015,1061000,0.2836
2500,3000000,0.36988000000000015,1061500,0.254
2500,3000000,0.36988000000000015,1062000,0.292
2500,3000000,0.36988000000000015,1062500,0.244
2500,3000000,0.36988000000000015,1063000,0.2368
2500,3000000,0.36988000000000015,1063500,0.2552
2500,3000000,0.36988000000000015,1064000,0.2396
2500,3000000,0.36988000000000015,1064500,0.2416
2500,3000000,0.36988000000000015,1065000,0.2372
2500,3000000,0.36988000000000015,1065500,0.29
2500,3000000,0.36988000000000015,1066000,0.2688
2500,3000000,0.36988000000000015,1066500,0.26
2500,3000000,0.36988000000000015,1067000,0.1932
2500,3000000,0.36988000000000015,1067500,0.182
2500,3000000,0.36988000000000015,1068000,0.1692
2500,3000000,0.36988000000000015,1068500,0.168
2500,3000000,0.36988000000000015,1069000,0.1568
2500,3000000,0.36988000000000015,1069500,0.1688
2500,3000000,0.36988000000000015,1070000,0.2088
2500,3000000,0.36988000000000015,1070500,0.174
2500,3000000,0.36988000000000015,1071000,0.1968
2500,3000000,0.36988000000000015,1071500,0.206
2500,3000000,0.36988000000000015,1072000,0.1832
2500,3000000,0.36988000000000015,1072500,0.16
2500,3000000,0.36988000000000015,1073000,0.1604
2500,3000000,0.36988000000000015,1073500,0.1888
2500,3000000,0.36988000000000015,1074000,0.2056
2500,3000000,0.36988000000000015,1074500,0.148
2500,3000000,0.36988000000000015,1075000,0.1584
2500,3000000,0.36988000000000015,1075500,0.1484
2500,3000000,0.36988000000000015,1076000,0.212
2500,3000000,0.36988000000000015,1076500,0.2396
2500,3000000,0.36988000000000015,1077000,0.1864
2500,3000000,0.36988000000000015,1077500,0.2556
2500,3000000,0.36988000000000015,1078000,0.2532
2500,3000000,0.36988000000000015,1078500,0.2388
2500,3000000,0.36988000000000015,1079000,0.2012
2500,3000000,0.36988000000000015,1079500,0.1932
2500,3000000,0.36988000000000015,1080000,0.214
2500,3000000,0.36988000000000015,1080500,0.2276
2500,3000000,0.36988000000000015,1081000,0.216
2500,3000000,0.36988000000000015,1081500,0.1932
2500,3000000,0.36988000000000015,1082000,0.1904
2500,3000000,0.36988000000000015,1082500,0.1728
2500,3000000,0.36988000000000015,1083000,0.1512
2500,3000000,0.36988000000000015,1083500,0.1492
2500,3000000,0.36988000000000015,1084000,0.1716
2500,3000000,0.36988000000000015,1084500,0.1616
2500,3000000,0.36988000000000015,1085000,0.1772
2500,3000000,0.36988000000000015,1085500,0.2184
2500,3000000,0.36988000000000015,1086000,0.1752
2500,3000000,0.36988000000000015,1086500,0.2092
2500,3000000,0.36988000000000015,1087000,0.1784
2500,3000000,0.36988000000000015,1087500,0.2176
2500,3000000,0.36988000000000015,1088000,0.2344
2500,3000000,0.36988000000000015,1088500,0.2648
2500,3000000,0.36988000000000015,1089000,0.2396
2500,3000000,0.36988000000000015,1089500,0.2404
2500,3000000,0.36988000000000015,1090000,0.2184
2500,3000000,0.36988000000000015,1090500,0.1848
2500,3000000,0.36988000000000015,1091000,0.2068
2500,3000000,0.36988000000000015,1091500,0.184
2500,3000000,0.36988000000000015,1092000,0.1908
2500,3000000,0.36988000000000015,1092500,0.1936
2500,3000000,0.36988000000000015,1093000,0.1892
2500,3000000,0.36988000000000015,1093500,0.1696
2500,3000000,0.36988000000000015,1094000,0.1184
2500,3000000,0.36988000000000015,1094500,0.14
2500,3000000,0.36988000000000015,1095000,0.138
2500,3000000,0.36988000000000015,1095500,0.1452
2500,3000000,0.36988000000000015,1096000,0.1076
2500,3000000,0.36988000000000015,1096500,0.1408
2500,3000000,0.36988000000000015,1097000,0.148
2500,3000000,0.36988000000000015,1097500,0.1616
2500,3000000,0.36988000000000015,1098000,0.1496
2500,3000000,0.36988000000000015,1098500,0.1692
2500,3000000,0.36988000000000015,1099000,0.15
2500,3000000,0.36988000000000015,1099500,0.1724
2500,3000000,0.36988000000000015,1100000,0.1784
2500,3000000,0.36988000000000015,1100500,0.226
2500,3000000,0.36988000000000015,1101000,0.1956
2500,3000000,0.36988000000000015,1101500,0.198
2500,3000000,0.36988000000000015,1102000,0.1772
2500,3000000,0.36988000000000015,1102500,0.1552
2500,3000000,0.36988000000000015,1103000,0.1264
2500,3000000,0.36988000000000015,1103500,0.17
2500,3000000,0.36988000000000015,1104000,0.156
2500,3000000,0.36988000000000015,1104500,0.21
2500,3000000,0.36988000000000015,1105000,0.1852
2500,3000000,0.36988000000000015,1105500,0.2188
2500,3000000,0.36988000000000015,1106000,0.1784
2500,3000000,0.36988000000000015,1106500,0.1924
2500,3000000,0.36988000000000015,1107000,0.2156
2500,3000000,0.36988000000000015,1107500,0.2144
2500,3000000,0.36988000000000015,1108000,0.2724
2500,3000000,0.36988000000000015,1108500,0.2676
2500,3000000,0.36988000000000015,1109000,0.2644
2500,3000000,0.36988000000000015,1109500,0.2792
2500,3000000,0.36988000000000015,1110000,0.2336
2500,3000000,0.36988000000000015,1110500,0.2432
2500,3000000,0.36988000000000015,1111000,0.1932
2500,3000000,0.36988000000000015,1111500,0.2748
2500,3000000,0.36988000000000015,1112000,0.2468
2500,3000000,0.36988000000000015,1112500,0.2424
2500,3000000,0.36988000000000015,1113000,0.2768
2500,3000000,0.36988000000000015,1113500,0.278
2500,3000000,0.36988000000000015,1114000,0.2412
2500,3000000,0.36988000000000015,1114500,0.2996
2500,3000000,0.36988000000000015,1115000,0.278
2500,3000000,0.36988000000000015,1115500,0.25
2500,3000000,0.36988000000000015,1116000,0.26
2500,3000000,0.36988000000000015,1116500,0.3292
2500,3000000,0.36988000000000015,1117000,0.3172
2500,3000000,0.36988000000000015,1117500,0.2736
2500,3000000,0.36988000000000015,1118000,0.3904
2500,3000000,0.36988000000000015,1118500,0.3656
2500,3000000,0.36988000000000015,1119000,0.3232
2500,3000000,0.36988000000000015,1119500,0.3324
2500,3000000,0.36988000000000015,1120000,0.3332
2500,3000000,0.36988000000000015,1120500,0.3212
2500,3000000,0.36988000000000015,1121000,0.3332
2500,3000000,0.36988000000000015,1121500,0.3112
2500,3000000,0.36988000000000015,1122000,0.3376
2500,3000000,0.36988000000000015,1122500,0.35
2500,3000000,0.36988000000000015,1123000,0.3604
2500,3000000,0.36988000000000015,1123500,0.3812
2500,3000000,0.36988000000000015,1124000,0.3672
2500,3000000,0.36988000000000015,1124500,0.298
2500,3000000,0.36988000000000015,1125000,0.3012
2500,3000000,0.36988000000000015,1125500,0.3172
2500,3000000,0.36988000000000015,1126000,0.3008
2500,3000000,0.36988000000000015,1126500,0.2824
2500,3000000,0.36988000000000015,1127000,0.3096
2500,3000000,0.36988000000000015,1127500,0.3212
2500,3000000,0.36988000000000015,1128000,0.3048
2500,3000000,0.36988000000000015,1128500,0.3428
2500,3000000,0.36988000000000015,1129000,0.3472
2500,3000000,0.36988000000000015,1129500,0.3412
2500,3000000,0.36988000000000015,1130000,0.3128
2500,3000000,0.36988000000000015,1130500,0.3888
2500,3000000,0.36988000000000015,1131000,0.3592
2500,3000000,0.36988000000000015,1131500,0.3344
2500,3000000,0.36988000000000015,1132000,0.3392
2500,3000000,0.36988000000000015,1132500,0.4032
2500,3000000,0.36988000000000015,1133000,0.3916
2500,3000000,0.36988000000000015,1133500,0.3728
2500,3000000,0.36988000000000015,1134000,0.3636
2500,3000000,0.36988000000000015,1134500,0.3312
2500,3000000,0.36988000000000015,1135000,0.3256
2500,3000000,0.36988000000000015,1135500,0.3264
2500,3000000,0.36988000000000015,1136000,0.3384
2500,3000000,0.36988000000000015,1136500,0.2732
2500,3000000,0.36988000000000015,1137000,0.2808
2500,3000000,0.36988000000000015,1137500,0.2328
2500,3000000,0.36988000000000015,1138000,0.2856
2500,3000000,0.36988000000000015,1138500,0.312
2500,3000000,0.36988000000000015,1139000,0.2992
2500,3000000,0.36988000000000015,1139500,0.284
2500,3000000,0.36988000000000015,1140000,0.34
2500,3000000,0.36988000000000015,1140500,0.3384
2500,3000000,0.36988000000000015,1141000,0.3444
2500,3000000,0.36988000000000015,1141500,0.2432
2500,3000000,0.36988000000000015,1142000,0.2724
2500,3000000,0.36988000000000015,1142500,0.238
2500,3000000,0.36988000000000015,1143000,0.2748
2500,3000000,0.36988000000000015,1143500,0.3008
2500,3000000,0.36988000000000015,1144000,0.3236
2500,3000000,0.36988000000000015,1144500,0.3556
2500,3000000,0.36988000000000015,1145000,0.3872
2500,3000000,0.36988000000000015,1145500,0.3944
2500,3000000,0.36988000000000015,1146000,0.3396
2500,3000000,0.36988000000000015,1146500,0.2736
2500,3000000,0.36988000000000015,1147000,0.2956
2500,3000000,0.36988000000000015,1147500,0.2952
2500,3000000,0.36988000000000015,1148000,0.2732
2500,3000000,0.36988000000000015,1148500,0.2424
2500,3000000,0.36988000000000015,1149000,0.2456
2500,3000000,0.36988000000000015,1149500,0.2924
2500,3000000,0.36988000000000015,1150000,0.2628
2500,3000000,0.36988000000000015,1150500,0.2616
2500,3000000,0.36988000000000015,1151000,0.2872
2500,3000000,0.36988000000000015,1151500,0.3096
2500,3000000,0.36988000000000015,1152000,0.3188
2500,3000000,0.36988000000000015,1152500,0.3452
2500,3000000,0.36988000000000015,1153000,0.3584
2500,3000000,0.36988000000000015,1153500,0.3648
2500,3000000,0.36988000000000015,1154000,0.342
2500,3000000,0.36988000000000015,1154500,0.292
2500,3000000,0.36988000000000015,1155000,0.3852
2500,3000000,0.36988000000000015,1155500,0.39
2500,3000000,0.36988000000000015,1156000,0.338
2500,3000000,0.36988000000000015,1156500,0.2736
2500,3000000,0.36988000000000015,1157000,0.3112
2500,3000000,0.36988000000000015,1157500,0.3576
2500,3000000,0.36988000000000015,1158000,0.3384
2500,3000000,0.36988000000000015,1158500,0.4204
2500,3000000,0.36988000000000015,1159000,0.4304
2500,3000000,0.36988000000000015,1159500,0.3224
2500,3000000,0.36988000000000015,1160000,0.3388
2500,3000000,0.36988000000000015,1160500,0.3468
2500,3000000,0.36988000000000015,1161000,0.366
2500,3000000,0.36988000000000015,1161500,0.3624
2500,3000000,0.36988000000000015,1162000,0.4284
2500,3000000,0.36988000000000015,1162500,0.386
2500,3000000,0.36988000000000015,1163000,0.362
2500,3000000,0.36988000000000015,1163500,0.4268
2500,3000000,0.36988000000000015,1164000,0.3968
2500,3000000,0.36988000000000015,1164500,0.376
2500,3000000,0.36988000000000015,1165000,0.3568
2500,3000000,0.36988000000000015,1165500,0.3416
2500,3000000,0.36988000000000015,1166000,0.4244
2500,3000000,0.36988000000000015,1166500,0.402
2500,3000000,0.36988000000000015,1167000,0.4092
2500,3000000,0.36988000000000015,1167500,0.3352
2500,3000000,0.36988000000000015,1168000,0.3272
2500,3000000,0.36988000000000015,1168500,0.3556
2500,3000000,0.36988000000000015,1169000,0.3516
2500,3000000,0.36988000000000015,1169500,0.334
2500,3000000,0.36988000000000015,1170000,0.3756
2500,3000000,0.36988000000000015,1170500,0.2916
2500,3000000,0.36988000000000015,1171000,0.2988
2500,3000000,0.36988000000000015,1171500,0.2656
2500,3000000,0.36988000000000015,1172000,0.278
2500,3000000,0.36988000000000015,1172500,0.262
2500,3000000,0.36988000000000015,1173000,0.2864
2500,3000000,0.36988000000000015,1173500,0.2332
2500,3000000,0.36988000000000015,1174000,0.2772
2500,3000000,0.36988000000000015,1174500,0.28
2500,3000000,0.36988000000000015,1175000,0.3292
2500,3000000,0.36988000000000015,1175500,0.3104
2500,3000000,0.36988000000000015,1176000,0.3528
2500,3000000,0.36988000000000015,1176500,0.3912
2500,3000000,0.36988000000000015,1177000,0.3448
2500,3000000,0.36988000000000015,1177500,0.3236
2500,3000000,0.36988000000000015,1178000,0.3148
2500,3000000,0.36988000000000015,1178500,0.3684
2500,3000000,0.36988000000000015,1179000,0.3404
2500,3000000,0.36988000000000015,1179500,0.3152
2500,3000000,0.36988000000000015,1180000,0.3572
2500,3000000,0.36988000000000015,1180500,0.292
2500,3000000,0.36988000000000015,1181000,0.2996
2500,3000000,0.36988000000000015,1181500,0.2888
2500,3000000,0.36988000000000015,1182000,0.2332
2500,3000000,0.36988000000000015,1182500,0.2188
2500,3000000,0.36988000000000015,1183000,0.2352
2500,3000000,0.36988000000000015,1183500,0.2796
2500,3000000,0.36988000000000015,1184000,0.3544
2500,3000000,0.36988000000000015,1184500,0.3348
2500,3000000,0.36988000000000015,1185000,0.3068
2500,3000000,0.36988000000000015,1185500,0.2956
2500,3000000,0.36988000000000015,1186000,0.314
2500,3000000,0.36988000000000015,1186500,0.3216
2500,3000000,0.36988000000000015,1187000,0.3668
2500,3000000,0.36988000000000015,1187500,0.4232
2500,3000000,0.36988000000000015,1188000,0.372
2500,3000000,0.36988000000000015,1188500,0.3924
2500,3000000,0.36988000000000015,1189000,0.4104
2500,3000000,0.36988000000000015,1189500,0.35
2500,3000000,0.36988000000000015,1190000,0.256
2500,3000000,0.36988000000000015,1190500,0.2908
2500,3000000,0.36988000000000015,1191000,0.3264
2500,3000000,0.36988000000000015,1191500,0.1952
2500,3000000,0.36988000000000015,1192000,0.278
2500,3000000,0.36988000000000015,1192500,0.246
2500,3000000,0.36988000000000015,1193000,0.288
2500,3000000,0.36988000000000015,1193500,0.2692
2500,3000000,0.36988000000000015,1194000,0.2772
2500,3000000,0.36988000000000015,1194500,0.354
2500,3000000,0.36988000000000015,1195000,0.2912
2500,3000000,0.36988000000000015,1195500,0.3084
2500,3000000,0.36988000000000015,1196000,0.3808
2500,3000000,0.36988000000000015,1196500,0.358
2500,3000000,0.36988000000000015,1197000,0.3596
2500,3000000,0.36988000000000015,1197500,0.3252
2500,3000000,0.36988000000000015,1198000,0.3324
2500,3000000,0.36988000000000015,1198500,0.3512
2500,3000000,0.36988000000000015,1199000,0.3508
2500,3000000,0.36988000000000015,1199500,0.3228
2500,3000000,0.36988000000000015,1200000,0.3716
2500,3000000,0.36988000000000015,1200500,0.3504
2500,3000000,0.36988000000000015,1201000,0.348
2500,3000000,0.36988000000000015,1201500,0.2468
2500,3000000,0.36988000000000015,1202000,0.224
2500,3000000,0.36988000000000015,1202500,0.2208
2500,3000000,0.36988000000000015,1203000,0.2732
2500,3000000,0.36988000000000015,1203500,0.2764
2500,3000000,0.36988000000000015,1204000,0.2656
2500,3000000,0.36988000000000015,1204500,0.3052
2500,3000000,0.36988000000000015,1205000,0.3168
2500,3000000,0.36988000000000015,1205500,0.3252
2500,3000000,0.36988000000000015,1206000,0.2856
2500,3000000,0.36988000000000015,1206500,0.298
2500,3000000,0.36988000000000015,1207000,0.2452
2500,3000000,0.36988000000000015,1207500,0.2948
2500,3000000,0.36988000000000015,1208000,0.3016
2500,3000000,0.36988000000000015,1208500,0.3776
2500,3000000,0.36988000000000015,1209000,0.3436
2500,3000000,0.36988000000000015,1209500,0.2456
2500,3000000,0.36988000000000015,1210000,0.2504
2500,3000000,0.36988000000000015,1210500,0.3416
2500,3000000,0.36988000000000015,1211000,0.334
2500,3000000,0.36988000000000015,1211500,0.308
2500,3000000,0.36988000000000015,1212000,0.3492
2500,3000000,0.36988000000000015,1212500,0.2932
2500,3000000,0.36988000000000015,1213000,0.3192
2500,3000000,0.36988000000000015,1213500,0.23
2500,3000000,0.36988000000000015,1214000,0.246
2500,3000000,0.36988000000000015,1214500,0.2628
2500,3000000,0.36988000000000015,1215000,0.2564
2500,3000000,0.36988000000000015,1215500,0.3192
2500,3000000,0.36988000000000015,1216000,0.258
2500,3000000,0.36988000000000015,1216500,0.2564
2500,3000000,0.36988000000000015,1217000,0.2492
2500,3000000,0.36988000000000015,1217500,0.2332
2500,3000000,0.36988000000000015,1218000,0.3204
2500,3000000,0.36988000000000015,1218500,0.318
2500,3000000,0.36988000000000015,1219000,0.2944
2500,3000000,0.36988000000000015,1219500,0.2408
2500,3000000,0.36988000000000015,1220000,0.2804
2500,3000000,0.36988000000000015,1220500,0.3312
2500,3000000,0.36988000000000015,1221000,0.2812
2500,3000000,0.36988000000000015,1221500,0.2584
2500,3000000,0.36988000000000015,1222000,0.2512
2500,3000000,0.36988000000000015,1222500,0.2712
2500,3000000,0.36988000000000015,1223000,0.25
2500,3000000,0.36988000000000015,1223500,0.2776
2500,3000000,0.36988000000000015,1224000,0.272
2500,3000000,0.36988000000000015,1224500,0.2228
2500,3000000,0.36988000000000015,1225000,0.2428
2500,3000000,0.36988000000000015,1225500,0.2472
2500,3000000,0.36988000000000015,1226000,0.2416
2500,3000000,0.36988000000000015,1226500,0.2848
2500,3000000,0.36988000000000015,1227000,0.2788
2500,3000000,0.36988000000000015,1227500,0.2752
2500,3000000,0.36988000000000015,1228000,0.2104
2500,3000000,0.36988000000000015,1228500,0.1948
2500,3000000,0.36988000000000015,1229000,0.2408
2500,3000000,0.36988000000000015,1229500,0.2464
2500,3000000,0.36988000000000015,1230000,0.248
2500,3000000,0.36988000000000015,1230500,0.246
2500,3000000,0.36988000000000015,1231000,0.1652
2500,3000000,0.36988000000000015,1231500,0.1864
2500,3000000,0.36988000000000015,1232000,0.1672
2500,3000000,0.36988000000000015,1232500,0.2196
2500,3000000,0.36988000000000015,1233000,0.1716
2500,3000000,0.36988000000000015,1233500,0.1776
2500,3000000,0.36988000000000015,1234000,0.202
2500,3000000,0.36988000000000015,1234500,0.172
2500,3000000,0.36988000000000015,1235000,0.2476
2500,3000000,0.36988000000000015,1235500,0.2408
2500,3000000,0.36988000000000015,1236000,0.2828
2500,3000000,0.36988000000000015,1236500,0.2472
2500,3000000,0.36988000000000015,1237000,0.2004
2500,3000000,0.36988000000000015,1237500,0.2652
2500,3000000,0.36988000000000015,1238000,0.3216
2500,3000000,0.36988000000000015,1238500,0.324
2500,3000000,0.36988000000000015,1239000,0.246
2500,3000000,0.36988000000000015,1239500,0.2668
2500,3000000,0.36988000000000015,1240000,0.2424
2500,3000000,0.36988000000000015,1240500,0.2536
2500,3000000,0.36988000000000015,1241000,0.2484
2500,3000000,0.36988000000000015,1241500,0.2176
2500,3000000,0.36988000000000015,1242000,0.2764
2500,3000000,0.36988000000000015,1242500,0.278
2500,3000000,0.36988000000000015,1243000,0.2076
2500,3000000,0.36988000000000015,1243500,0.2364
2500,3000000,0.36988000000000015,1244000,0.2732
2500,3000000,0.36988000000000015,1244500,0.2744
2500,3000000,0.36988000000000015,1245000,0.2652
2500,3000000,0.36988000000000015,1245500,0.2536
2500,3000000,0.36988000000000015,1246000,0.2268
2500,3000000,0.36988000000000015,1246500,0.1796
2500,3000000,0.36988000000000015,1247000,0.2444
2500,3000000,0.36988000000000015,1247500,0.2264
2500,3000000,0.36988000000000015,1248000,0.2444
2500,3000000,0.36988000000000015,1248500,0.2456
2500,3000000,0.36988000000000015,1249000,0.2244
2500,3000000,0.36988000000000015,1249500,0.2656
2500,3000000,0.36988000000000015,1250000,0.2664
2500,3000000,0.36988000000000015,1250500,0.2916
2500,3000000,0.36988000000000015,1251000,0.2888
2500,3000000,0.36988000000000015,1251500,0.2796
2500,3000000,0.36988000000000015,1252000,0.3044
2500,3000000,0.36988000000000015,1252500,0.1968
2500,3000000,0.36988000000000015,1253000,0.238
2500,3000000,0.36988000000000015,1253500,0.214
2500,3000000,0.36988000000000015,1254000,0.2188
2500,3000000,0.36988000000000015,1254500,0.2072
2500,3000000,0.36988000000000015,1255000,0.2228
2500,3000000,0.36988000000000015,1255500,0.1892
2500,3000000,0.36988000000000015,1256000,0.1848
2500,3000000,0.36988000000000015,1256500,0.2048
2500,3000000,0.36988000000000015,1257000,0.2376
2500,3000000,0.36988000000000015,1257500,0.236
2500,3000000,0.36988000000000015,1258000,0.1764
2500,3000000,0.36988000000000015,1258500,0.1724
2500,3000000,0.36988000000000015,1259000,0.15
2500,3000000,0.36988000000000015,1259500,0.1452
2500,3000000,0.36988000000000015,1260000,0.1608
2500,3000000,0.36988000000000015,1260500,0.1456
2500,3000000,0.36988000000000015,1261000,0.14
2500,3000000,0.36988000000000015,1261500,0.1368
2500,3000000,0.36988000000000015,1262000,0.1536
2500,3000000,0.36988000000000015,1262500,0.1264
2500,3000000,0.36988000000000015,1263000,0.1464
2500,3000000,0.36988000000000015,1263500,0.1468
2500,3000000,0.36988000000000015,1264000,0.1552
2500,3000000,0.36988000000000015,1264500,0.1984
2500,3000000,0.36988000000000015,1265000,0.1668
2500,3000000,0.36988000000000015,1265500,0.1584
2500,3000000,0.36988000000000015,1266000,0.1564
2500,3000000,0.36988000000000015,1266500,0.1452
2500,3000000,0.36988000000000015,1267000,0.1264
2500,3000000,0.36988000000000015,1267500,0.1224
2500,3000000,0.36988000000000015,1268000,0.1008
2500,3000000,0.36988000000000015,1268500,0.1536
2500,3000000,0.36988000000000015,1269000,0.138
2500,3000000,0.36988000000000015,1269500,0.1484
2500,3000000,0.36988000000000015,1270000,0.1352
2500,3000000,0.36988000000000015,1270500,0.1488
2500,3000000,0.36988000000000015,1271000,0.1208
2500,3000000,0.36988000000000015,1271500,0.1644
2500,3000000,0.36988000000000015,1272000,0.166
2500,3000000,0.36988000000000015,1272500,0.1708
2500,3000000,0.36988000000000015,1273000,0.1752
2500,3000000,0.36988000000000015,1273500,0.1668
2500,3000000,0.36988000000000015,1274000,0.2164
2500,3000000,0.36988000000000015,1274500,0.1792
2500,3000000,0.36988000000000015,1275000,0.1476
2500,3000000,0.36988000000000015,1275500,0.1692
2500,3000000,0.36988000000000015,1276000,0.1564
2500,3000000,0.36988000000000015,1276500,0.1368
2500,3000000,0.36988000000000015,1277000,0.1584
2500,3000000,0.36988000000000015,1277500,0.2188
2500,3000000,0.36988000000000015,1278000,0.2072
2500,3000000,0.36988000000000015,1278500,0.1864
2500,3000000,0.36988000000000015,1279000,0.2372
2500,3000000,0.36988000000000015,1279500,0.2372
2500,3000000,0.36988000000000015,1280000,0.1968
2500,3000000,0.36988000000000015,1280500,0.23
2500,3000000,0.36988000000000015,1281000,0.2808
2500,3000000,0.36988000000000015,1281500,0.254
2500,3000000,0.36988000000000015,1282000,0.26
2500,3000000,0.36988000000000015,1282500,0.2548
2500,3000000,0.36988000000000015,1283000,0.2744
2500,3000000,0.36988000000000015,1283500,0.3
2500,3000000,0.36988000000000015,1284000,0.302
2500,3000000,0.36988000000000015,1284500,0.2788
2500,3000000,0.36988000000000015,1285000,0.2712
2500,3000000,0.36988000000000015,1285500,0.3156
2500,3000000,0.36988000000000015,1286000,0.2268
2500,3000000,0.36988000000000015,1286500,0.2408
2500,3000000,0.36988000000000015,1287000,0.2376
2500,3000000,0.36988000000000015,1287500,0.228
2500,3000000,0.36988000000000015,1288000,0.2268
2500,3000000,0.36988000000000015,1288500,0.2396
2500,3000000,0.36988000000000015,1289000,0.3032
2500,3000000,0.36988000000000015,1289500,0.3344
2500,3000000,0.36988000000000015,1290000,0.2936
2500,3000000,0.36988000000000015,1290500,0.286
2500,3000000,0.36988000000000015,1291000,0.3304
2500,3000000,0.36988000000000015,1291500,0.3308
2500,3000000,0.36988000000000015,1292000,0.3464
2500,3000000,0.36988000000000015,1292500,0.326
2500,3000000,0.36988000000000015,1293000,0.328
2500,3000000,0.36988000000000015,1293500,0.3308
2500,3000000,0.36988000000000015,1294000,0.4164
2500,3000000,0.36988000000000015,1294500,0.4232
2500,3000000,0.36988000000000015,1295000,0.418
2500,3000000,0.36988000000000015,1295500,0.356
2500,3000000,0.36988000000000015,1296000,0.3136
2500,3000000,0.36988000000000015,1296500,0.3352
2500,3000000,0.36988000000000015,1297000,0.3588
2500,3000000,0.36988000000000015,1297500,0.3412
2500,3000000,0.36988000000000015,1298000,0.3236
2500,3000000,0.36988000000000015,1298500,0.3064
2500,3000000,0.36988000000000015,1299000,0.2856
2500,3000000,0.36988000000000015,1299500,0.3128
2500,3000000,0.36988000000000015,1300000,0.278
2500,3000000,0.36988000000000015,1300500,0.2552
2500,3000000,0.36988000000000015,1301000,0.2768
2500,3000000,0.36988000000000015,1301500,0.3388
2500,3000000,0.36988000000000015,1302000,0.2868
2500,3000000,0.36988000000000015,1302500,0.2672
2500,3000000,0.36988000000000015,1303000,0.3144
2500,3000000,0.36988000000000015,1303500,0.2524
2500,3000000,0.36988000000000015,1304000,0.2608
2500,3000000,0.36988000000000015,1304500,0.2504
2500,3000000,0.36988000000000015,1305000,0.2296
2500,3000000,0.36988000000000015,1305500,0.178
2500,3000000,0.36988000000000015,1306000,0.2324
2500,3000000,0.36988000000000015,1306500,0.3128
2500,3000000,0.36988000000000015,1307000,0.2232
2500,3000000,0.36988000000000015,1307500,0.3444
2500,3000000,0.36988000000000015,1308000,0.316
2500,3000000,0.36988000000000015,1308500,0.308
2500,3000000,0.36988000000000015,1309000,0.3608
2500,3000000,0.36988000000000015,1309500,0.3732
2500,3000000,0.36988000000000015,1310000,0.3208
2500,3000000,0.36988000000000015,1310500,0.3088
2500,3000000,0.36988000000000015,1311000,0.3304
2500,3000000,0.36988000000000015,1311500,0.3292
2500,3000000,0.36988000000000015,1312000,0.3296
2500,3000000,0.36988000000000015,1312500,0.2964
2500,3000000,0.36988000000000015,1313000,0.3056
2500,3000000,0.36988000000000015,1313500,0.3168
2500,3000000,0.36988000000000015,1314000,0.3192
2500,3000000,0.36988000000000015,1314500,0.3136
2500,3000000,0.36988000000000015,1315000,0.2964
2500,3000000,0.36988000000000015,1315500,0.3408
2500,3000000,0.36988000000000015,1316000,0.2792
2500,3000000,0.36988000000000015,1316500,0.3388
2500,3000000,0.36988000000000015,1317000,0.2468
2500,3000000,0.36988000000000015,1317500,0.2752
2500,3000000,0.36988000000000015,1318000,0.268
2500,3000000,0.36988000000000015,1318500,0.3188
2500,3000000,0.36988000000000015,1319000,0.352
2500,3000000,0.36988000000000015,1319500,0.324
2500,3000000,0.36988000000000015,1320000,0.362
2500,3000000,0.36988000000000015,1320500,0.306
2500,3000000,0.36988000000000015,1321000,0.3004
2500,3000000,0.36988000000000015,1321500,0.3416
2500,3000000,0.36988000000000015,1322000,0.2948
2500,3000000,0.36988000000000015,1322500,0.3208
2500,3000000,0.36988000000000015,1323000,0.3376
2500,3000000,0.36988000000000015,1323500,0.3484
2500,3000000,0.36988000000000015,1324000,0.3488
2500,3000000,0.36988000000000015,1324500,0.36
2500,3000000,0.36988000000000015,1325000,0.3476
2500,3000000,0.36988000000000015,1325500,0.3692
2500,3000000,0.36988000000000015,1326000,0.3908
2500,3000000,0.36988000000000015,1326500,0.3824
2500,3000000,0.36988000000000015,1327000,0.3636
2500,3000000,0.36988000000000015,1327500,0.3936
2500,3000000,0.36988000000000015,1328000,0.384
2500,3000000,0.36988000000000015,1328500,0.328
2500,3000000,0.36988000000000015,1329000,0.4088
2500,3000000,0.36988000000000015,1329500,0.3784
2500,3000000,0.36988000000000015,1330000,0.394
2500,3000000,0.36988000000000015,1330500,0.4096
2500,3000000,0.36988000000000015,1331000,0.4468
2500,3000000,0.36988000000000015,1331500,0.4164
2500,3000000,0.36988000000000015,1332000,0.4516
2500,3000000,0.36988000000000015,1332500,0.3784
2500,3000000,0.36988000000000015,1333000,0.3564
2500,3000000,0.36988000000000015,1333500,0.34
2500,3000000,0.36988000000000015,1334000,0.3468
2500,3000000,0.36988000000000015,1334500,0.3388
2500,3000000,0.36988000000000015,1335000,0.3176
2500,3000000,0.36988000000000015,1335500,0.3948
2500,3000000,0.36988000000000015,1336000,0.4228
2500,3000000,0.36988000000000015,1336500,0.408
2500,3000000,0.36988000000000015,1337000,0.462
2500,3000000,0.36988000000000015,1337500,0.3388
2500,3000000,0.36988000000000015,1338000,0.3712
2500,3000000,0.36988000000000015,1338500,0.3312
2500,3000000,0.36988000000000015,1339000,0.318
2500,3000000,0.36988000000000015,1339500,0.2676
2500,3000000,0.36988000000000015,1340000,0.3196
2500,3000000,0.36988000000000015,1340500,0.3552
2500,3000000,0.36988000000000015,1341000,0.3196
2500,3000000,0.36988000000000015,1341500,0.3588
2500,3000000,0.36988000000000015,1342000,0.2884
2500,3000000,0.36988000000000015,1342500,0.4072
2500,3000000,0.36988000000000015,1343000,0.382
2500,3000000,0.36988000000000015,1343500,0.3056
2500,3000000,0.36988000000000015,1344000,0.304
2500,3000000,0.36988000000000015,1344500,0.312
2500,3000000,0.36988000000000015,1345000,0.262
2500,3000000,0.36988000000000015,1345500,0.28
2500,3000000,0.36988000000000015,1346000,0.3284
2500,3000000,0.36988000000000015,1346500,0.3012
2500,3000000,0.36988000000000015,1347000,0.3184
2500,3000000,0.36988000000000015,1347500,0.3644
2500,3000000,0.36988000000000015,1348000,0.406
2500,3000000,0.36988000000000015,1348500,0.3944
2500,3000000,0.36988000000000015,1349000,0.414
2500,3000000,0.36988000000000015,1349500,0.3804
2500,3000000,0.36988000000000015,1350000,0.4236
2500,3000000,0.36988000000000015,1350500,0.484
2500,3000000,0.36988000000000015,1351000,0.4272
2500,3000000,0.36988000000000015,1351500,0.4328
2500,3000000,0.36988000000000015,1352000,0.3416
2500,3000000,0.36988000000000015,1352500,0.3804
2500,3000000,0.36988000000000015,1353000,0.3728
2500,3000000,0.36988000000000015,1353500,0.3644
2500,3000000,0.36988000000000015,1354000,0.422
2500,3000000,0.36988000000000015,1354500,0.4388
2500,3000000,0.36988000000000015,1355000,0.4204
2500,3000000,0.36988000000000015,1355500,0.3852
2500,3000000,0.36988000000000015,1356000,0.346
2500,3000000,0.36988000000000015,1356500,0.2768
2500,3000000,0.36988000000000015,1357000,0.2624
2500,3000000,0.36988000000000015,1357500,0.2888
2500,3000000,0.36988000000000015,1358000,0.2872
2500,3000000,0.36988000000000015,1358500,0.2608
2500,3000000,0.36988000000000015,1359000,0.3236
2500,3000000,0.36988000000000015,1359500,0.3336
2500,3000000,0.36988000000000015,1360000,0.3296
2500,3000000,0.36988000000000015,1360500,0.338
2500,3000000,0.36988000000000015,1361000,0.4132
2500,3000000,0.36988000000000015,1361500,0.4088
2500,3000000,0.36988000000000015,1362000,0.382
2500,3000000,0.36988000000000015,1362500,0.4124
2500,3000000,0.36988000000000015,1363000,0.3788
2500,3000000,0.36988000000000015,1363500,0.3748
2500,3000000,0.36988000000000015,1364000,0.3544
2500,3000000,0.36988000000000015,1364500,0.3624
2500,3000000,0.36988000000000015,1365000,0.3884
2500,3000000,0.36988000000000015,1365500,0.3708
2500,3000000,0.36988000000000015,1366000,0.4284
2500,3000000,0.36988000000000015,1366500,0.38
2500,3000000,0.36988000000000015,1367000,0.3808
2500,3000000,0.36988000000000015,1367500,0.362
2500,3000000,0.36988000000000015,1368000,0.3348
2500,3000000,0.36988000000000015,1368500,0.3796
2500,3000000,0.36988000000000015,1369000,0.404
2500,3000000,0.36988000000000015,1369500,0.4168
2500,3000000,0.36988000000000015,1370000,0.3768
2500,3000000,0.36988000000000015,1370500,0.3904
2500,3000000,0.36988000000000015,1371000,0.4
2500,3000000,0.36988000000000015,1371500,0.4224
2500,3000000,0.36988000000000015,1372000,0.4664
2500,3000000,0.36988000000000015,1372500,0.4032
2500,3000000,0.36988000000000015,1373000,0.4508
2500,3000000,0.36988000000000015,1373500,0.37
2500,3000000,0.36988000000000015,1374000,0.4572
2500,3000000,0.36988000000000015,1374500,0.406
2500,3000000,0.36988000000000015,1375000,0.38
2500,3000000,0.36988000000000015,1375500,0.39
2500,3000000,0.36988000000000015,1376000,0.3808
2500,3000000,0.36988000000000015,1376500,0.3256
2500,3000000,0.36988000000000015,1377000,0.442
2500,3000000,0.36988000000000015,1377500,0.3776
2500,3000000,0.36988000000000015,1378000,0.3692
2500,3000000,0.36988000000000015,1378500,0.3616
2500,3000000,0.36988000000000015,1379000,0.3528
2500,3000000,0.36988000000000015,1379500,0.3964
2500,3000000,0.36988000000000015,1380000,0.3932
2500,3000000,0.36988000000000015,1380500,0.3276
2500,3000000,0.36988000000000015,1381000,0.3028
2500,3000000,0.36988000000000015,1381500,0.336
2500,3000000,0.36988000000000015,1382000,0.3128
2500,3000000,0.36988000000000015,1382500,0.3376
2500,3000000,0.36988000000000015,1383000,0.2964
2500,3000000,0.36988000000000015,1383500,0.3192
2500,3000000,0.36988000000000015,1384000,0.3124
2500,3000000,0.36988000000000015,1384500,0.2896
2500,3000000,0.36988000000000015,1385000,0.3196
2500,3000000,0.36988000000000015,1385500,0.2632
2500,3000000,0.36988000000000015,1386000,0.2564
2500,3000000,0.36988000000000015,1386500,0.2308
2500,3000000,0.36988000000000015,1387000,0.2176
2500,3000000,0.36988000000000015,1387500,0.1856
2500,3000000,0.36988000000000015,1388000,0.2168
2500,3000000,0.36988000000000015,1388500,0.1872
2500,3000000,0.36988000000000015,1389000,0.2208
2500,3000000,0.36988000000000015,1389500,0.2632
2500,3000000,0.36988000000000015,1390000,0.2404
2500,3000000,0.36988000000000015,1390500,0.186
2500,3000000,0.36988000000000015,1391000,0.1616
2500,3000000,0.36988000000000015,1391500,0.1764
2500,3000000,0.36988000000000015,1392000,0.1712
2500,3000000,0.36988000000000015,1392500,0.1672
2500,3000000,0.36988000000000015,1393000,0.1468
2500,3000000,0.36988000000000015,1393500,0.1884
2500,3000000,0.36988000000000015,1394000,0.116
2500,3000000,0.36988000000000015,1394500,0.1388
2500,3000000,0.36988000000000015,1395000,0.168
2500,3000000,0.36988000000000015,1395500,0.188
2500,3000000,0.36988000000000015,1396000,0.1824
2500,3000000,0.36988000000000015,1396500,0.1888
2500,3000000,0.36988000000000015,1397000,0.1712
2500,3000000,0.36988000000000015,1397500,0.1912
2500,3000000,0.36988000000000015,1398000,0.1984
2500,3000000,0.36988000000000015,1398500,0.2064
2500,3000000,0.36988000000000015,1399000,0.1808
2500,3000000,0.36988000000000015,1399500,0.168
2500,3000000,0.36988000000000015,1400000,0.1776
2500,3000000,0.36988000000000015,1400500,0.1424
2500,3000000,0.36988000000000015,1401000,0.1316
2500,3000000,0.36988000000000015,1401500,0.1496
2500,3000000,0.36988000000000015,1402000,0.2132
2500,3000000,0.36988000000000015,1402500,0.238
2500,3000000,0.36988000000000015,1403000,0.2856
2500,3000000,0.36988000000000015,1403500,0.2584
2500,3000000,0.36988000000000015,1404000,0.2072
2500,3000000,0.36988000000000015,1404500,0.1804
2500,3000000,0.36988000000000015,1405000,0.2288
2500,3000000,0.36988000000000015,1405500,0.256
2500,3000000,0.36988000000000015,1406000,0.254
2500,3000000,0.36988000000000015,1406500,0.2208
2500,3000000,0.36988000000000015,1407000,0.2968
2500,3000000,0.36988000000000015,1407500,0.2648
2500,3000000,0.36988000000000015,1408000,0.1988
2500,3000000,0.36988000000000015,1408500,0.1508
2500,3000000,0.36988000000000015,1409000,0.134
2500,3000000,0.36988000000000015,1409500,0.1916
2500,3000000,0.36988000000000015,1410000,0.1776
2500,3000000,0.36988000000000015,1410500,0.2212
2500,3000000,0.36988000000000015,1411000,0.2092
2500,3000000,0.36988000000000015,1411500,0.2024
2500,3000000,0.36988000000000015,1412000,0.1904
2500,3000000,0.36988000000000015,1412500,0.2132
2500,3000000,0.36988000000000015,1413000,0.1876
2500,3000000,0.36988000000000015,1413500,0.17
2500,3000000,0.36988000000000015,1414000,0.1704
2500,3000000,0.36988000000000015,1414500,0.1772
2500,3000000,0.36988000000000015,1415000,0.2232
2500,3000000,0.36988000000000015,1415500,0.2008
2500,3000000,0.36988000000000015,1416000,0.204
2500,3000000,0.36988000000000015,1416500,0.2216
2500,3000000,0.36988000000000015,1417000,0.2668
2500,3000000,0.36988000000000015,1417500,0.3164
2500,3000000,0.36988000000000015,1418000,0.2624
2500,3000000,0.36988000000000015,1418500,0.1792
2500,3000000,0.36988000000000015,1419000,0.2192
2500,3000000,0.36988000000000015,1419500,0.1916
2500,3000000,0.36988000000000015,1420000,0.186
2500,3000000,0.36988000000000015,1420500,0.2628
2500,3000000,0.36988000000000015,1421000,0.228
2500,3000000,0.36988000000000015,1421500,0.2616
2500,3000000,0.36988000000000015,1422000,0.2348
2500,3000000,0.36988000000000015,1422500,0.232
2500,3000000,0.36988000000000015,1423000,0.2304
2500,3000000,0.36988000000000015,1423500,0.266
2500,3000000,0.36988000000000015,1424000,0.2528
2500,3000000,0.36988000000000015,1424500,0.2612
2500,3000000,0.36988000000000015,1425000,0.238
2500,3000000,0.36988000000000015,1425500,0.2832
2500,3000000,0.36988000000000015,1426000,0.2912
2500,3000000,0.36988000000000015,1426500,0.2964
2500,3000000,0.36988000000000015,1427000,0.2504
2500,3000000,0.36988000000000015,1427500,0.2932
2500,3000000,0.36988000000000015,1428000,0.33
2500,3000000,0.36988000000000015,1428500,0.242
2500,3000000,0.36988000000000015,1429000,0.2852
2500,3000000,0.36988000000000015,1429500,0.2568
2500,3000000,0.36988000000000015,1430000,0.288
2500,3000000,0.36988000000000015,1430500,0.2156
2500,3000000,0.36988000000000015,1431000,0.2352
2500,3000000,0.36988000000000015,1431500,0.2704
2500,3000000,0.36988000000000015,1432000,0.2468
2500,3000000,0.36988000000000015,1432500,0.2944
2500,3000000,0.36988000000000015,1433000,0.306
2500,3000000,0.36988000000000015,1433500,0.3092
2500,3000000,0.36988000000000015,1434000,0.2912
2500,3000000,0.36988000000000015,1434500,0.3028
2500,3000000,0.36988000000000015,1435000,0.2716
2500,3000000,0.36988000000000015,1435500,0.2092
2500,3000000,0.36988000000000015,1436000,0.2596
2500,3000000,0.36988000000000015,1436500,0.2628
2500,3000000,0.36988000000000015,1437000,0.2652
2500,3000000,0.36988000000000015,1437500,0.2472
2500,3000000,0.36988000000000015,1438000,0.1948
2500,3000000,0.36988000000000015,1438500,0.246
2500,3000000,0.36988000000000015,1439000,0.2644
2500,3000000,0.36988000000000015,1439500,0.2576
2500,3000000,0.36988000000000015,1440000,0.3292
2500,3000000,0.36988000000000015,1440500,0.3108
2500,3000000,0.36988000000000015,1441000,0.3232
2500,3000000,0.36988000000000015,1441500,0.264
2500,3000000,0.36988000000000015,1442000,0.2608
2500,3000000,0.36988000000000015,1442500,0.2224
2500,3000000,0.36988000000000015,1443000,0.254
2500,3000000,0.36988000000000015,1443500,0.2552
2500,3000000,0.36988000000000015,1444000,0.2468
2500,3000000,0.36988000000000015,1444500,0.2476
2500,3000000,0.36988000000000015,1445000,0.2476
2500,3000000,0.36988000000000015,1445500,0.248
2500,3000000,0.36988000000000015,1446000,0.2744
2500,3000000,0.36988000000000015,1446500,0.2992
2500,3000000,0.36988000000000015,1447000,0.2788
2500,3000000,0.36988000000000015,1447500,0.2292
2500,3000000,0.36988000000000015,1448000,0.3092
2500,3000000,0.36988000000000015,1448500,0.328
2500,3000000,0.36988000000000015,1449000,0.336
2500,3000000,0.36988000000000015,1449500,0.3148
2500,3000000,0.36988000000000015,1450000,0.4044
2500,3000000,0.36988000000000015,1450500,0.3632
2500,3000000,0.36988000000000015,1451000,0.3712
2500,3000000,0.36988000000000015,1451500,0.3656
2500,3000000,0.36988000000000015,1452000,0.4152
2500,3000000,0.36988000000000015,1452500,0.3904
2500,3000000,0.36988000000000015,1453000,0.4608
2500,3000000,0.36988000000000015,1453500,0.484
2500,3000000,0.36988000000000015,1454000,0.404
2500,3000000,0.36988000000000015,1454500,0.412
2500,3000000,0.36988000000000015,1455000,0.3668
2500,3000000,0.36988000000000015,1455500,0.3788
2500,3000000,0.36988000000000015,1456000,0.4248
2500,3000000,0.36988000000000015,1456500,0.3892
2500,3000000,0.36988000000000015,1457000,0.392
2500,3000000,0.36988000000000015,1457500,0.3576
2500,3000000,0.36988000000000015,1458000,0.3984
2500,3000000,0.36988000000000015,1458500,0.3628
2500,3000000,0.36988000000000015,1459000,0.3068
2500,3000000,0.36988000000000015,1459500,0.2812
2500,3000000,0.36988000000000015,1460000,0.3452
2500,3000000,0.36988000000000015,1460500,0.3608
2500,3000000,0.36988000000000015,1461000,0.302
2500,3000000,0.36988000000000015,1461500,0.3212
2500,3000000,0.36988000000000015,1462000,0.2588
2500,3000000,0.36988000000000015,1462500,0.2092
2500,3000000,0.36988000000000015,1463000,0.222
2500,3000000,0.36988000000000015,1463500,0.2024
2500,3000000,0.36988000000000015,1464000,0.2432
2500,3000000,0.36988000000000015,1464500,0.2228
2500,3000000,0.36988000000000015,1465000,0.1836
2500,3000000,0.36988000000000015,1465500,0.2332
2500,3000000,0.36988000000000015,1466000,0.2268
2500,3000000,0.36988000000000015,1466500,0.216
2500,3000000,0.36988000000000015,1467000,0.2568
2500,3000000,0.36988000000000015,1467500,0.258
2500,3000000,0.36988000000000015,1468000,0.1876
2500,3000000,0.36988000000000015,1468500,0.1968
2500,3000000,0.36988000000000015,1469000,0.168
2500,3000000,0.36988000000000015,1469500,0.1656
2500,3000000,0.36988000000000015,1470000,0.166
2500,3000000,0.36988000000000015,1470500,0.1868
2500,3000000,0.36988000000000015,1471000,0.2368
2500,3000000,0.36988000000000015,1471500,0.1976
2500,3000000,0.36988000000000015,1472000,0.1768
2500,3000000,0.36988000000000015,1472500,0.1844
2500,3000000,0.36988000000000015,1473000,0.1504
2500,3000000,0.36988000000000015,1473500,0.1648
2500,3000000,0.36988000000000015,1474000,0.1092
2500,3000000,0.36988000000000015,1474500,0.1112
2500,3000000,0.36988000000000015,1475000,0.1136
2500,3000000,0.36988000000000015,1475500,0.1104
2500,3000000,0.36988000000000015,1476000,0.1284
2500,3000000,0.36988000000000015,1476500,0.1348
2500,3000000,0.36988000000000015,1477000,0.1116
2500,3000000,0.36988000000000015,1477500,0.1112
2500,3000000,0.36988000000000015,1478000,0.1228
2500,3000000,0.36988000000000015,1478500,0.1552
2500,3000000,0.36988000000000015,1479000,0.1768
2500,3000000,0.36988000000000015,1479500,0.124
2500,3000000,0.36988000000000015,1480000,0.1444
2500,3000000,0.36988000000000015,1480500,0.1892
2500,3000000,0.36988000000000015,1481000,0.1732
2500,3000000,0.36988000000000015,1481500,0.2072
2500,3000000,0.36988000000000015,1482000,0.1776
2500,3000000,0.36988000000000015,1482500,0.1452
2500,3000000,0.36988000000000015,1483000,0.1488
2500,3000000,0.36988000000000015,1483500,0.2036
2500,3000000,0.36988000000000015,1484000,0.1704
2500,3000000,0.36988000000000015,1484500,0.1848
2500,3000000,0.36988000000000015,1485000,0.1608
2500,3000000,0.36988000000000015,1485500,0.1796
2500,3000000,0.36988000000000015,1486000,0.2136
2500,3000000,0.36988000000000015,1486500,0.1888
2500,3000000,0.36988000000000015,1487000,0.1344
2500,3000000,0.36988000000000015,1487500,0.1672
2500,3000000,0.36988000000000015,1488000,0.1896
2500,3000000,0.36988000000000015,1488500,0.156
2500,3000000,0.36988000000000015,1489000,0.1924
2500,3000000,0.36988000000000015,1489500,0.1672
2500,3000000,0.36988000000000015,1490000,0.1908
2500,3000000,0.36988000000000015,1490500,0.2024
2500,3000000,0.36988000000000015,1491000,0.1952
2500,3000000,0.36988000000000015,1491500,0.194
2500,3000000,0.36988000000000015,1492000,0.248
2500,3000000,0.36988000000000015,1492500,0.2252
2500,3000000,0.36988000000000015,1493000,0.2336
2500,3000000,0.36988000000000015,1493500,0.1968
2500,3000000,0.36988000000000015,1494000,0.236
2500,3000000,0.36988000000000015,1494500,0.2312
2500,3000000,0.36988000000000015,1495000,0.2508
2500,3000000,0.36988000000000015,1495500,0.254
2500,3000000,0.36988000000000015,1496000,0.1784
2500,3000000,0.36988000000000015,1496500,0.18
2500,3000000,0.36988000000000015,1497000,0.1836
2500,3000000,0.36988000000000015,1497500,0.1208
2500,3000000,0.36988000000000015,1498000,0.12
2500,3000000,0.36988000000000015,1498500,0.124
2500,3000000,0.36988000000000015,1499000,0.1428
2500,3000000,0.36988000000000015,1499500,0.1272
2500,3000000,0.36988000000000015,1500000,0.1344
2500,3000000,0.36988000000000015,1500500,0.16
2500,3000000,0.36988000000000015,1501000,0.1488
2500,3000000,0.36988000000000015,1501500,0.1356
2500,3000000,0.36988000000000015,1502000,0.0804
2500,3000000,0.36988000000000015,1502500,0.0728
2500,3000000,0.36988000000000015,1503000,0.0808
2500,3000000,0.36988000000000015,1503500,0.13
2500,3000000,0.36988000000000015,1504000,0.1352
2500,3000000,0.36988000000000015,1504500,0.144
2500,3000000,0.36988000000000015,1505000,0.1476
2500,3000000,0.36988000000000015,1505500,0.1612
2500,3000000,0.36988000000000015,1506000,0.1784
2500,3000000,0.36988000000000015,1506500,0.1424
2500,3000000,0.36988000000000015,1507000,0.1816
2500,3000000,0.36988000000000015,1507500,0.176
2500,3000000,0.36988000000000015,1508000,0.2276
2500,3000000,0.36988000000000015,1508500,0.2404
2500,3000000,0.36988000000000015,1509000,0.27
2500,3000000,0.36988000000000015,1509500,0.2032
2500,3000000,0.36988000000000015,1510000,0.2448
2500,3000000,0.36988000000000015,1510500,0.2168
2500,3000000,0.36988000000000015,1511000,0.1724
2500,3000000,0.36988000000000015,1511500,0.196
2500,3000000,0.36988000000000015,1512000,0.2556
2500,3000000,0.36988000000000015,1512500,0.2252
2500,3000000,0.36988000000000015,1513000,0.2704
2500,3000000,0.36988000000000015,1513500,0.2136
2500,3000000,0.36988000000000015,1514000,0.2732
2500,3000000,0.36988000000000015,1514500,0.2924
2500,3000000,0.36988000000000015,1515000,0.322
2500,3000000,0.36988000000000015,1515500,0.3132
2500,3000000,0.36988000000000015,1516000,0.2416
2500,3000000,0.36988000000000015,1516500,0.302
2500,3000000,0.36988000000000015,1517000,0.324
2500,3000000,0.36988000000000015,1517500,0.2608
2500,3000000,0.36988000000000015,1518000,0.3192
2500,3000000,0.36988000000000015,1518500,0.3036
2500,3000000,0.36988000000000015,1519000,0.3112
2500,3000000,0.36988000000000015,1519500,0.292
2500,3000000,0.36988000000000015,1520000,0.2932
2500,3000000,0.36988000000000015,1520500,0.3056
2500,3000000,0.36988000000000015,1521000,0.3032
2500,3000000,0.36988000000000015,1521500,0.33
2500,3000000,0.36988000000000015,1522000,0.2684
2500,3000000,0.36988000000000015,1522500,0.2404
2500,3000000,0.36988000000000015,1523000,0.26
2500,3000000,0.36988000000000015,1523500,0.254
2500,3000000,0.36988000000000015,1524000,0.2216
2500,3000000,0.36988000000000015,1524500,0.2196
2500,3000000,0.36988000000000015,1525000,0.2328
2500,3000000,0.36988000000000015,1525500,0.21
2500,3000000,0.36988000000000015,1526000,0.2932
2500,3000000,0.36988000000000015,1526500,0.2604
2500,3000000,0.36988000000000015,1527000,0.2288
2500,3000000,0.36988000000000015,1527500,0.2856
2500,3000000,0.36988000000000015,1528000,0.27
2500,3000000,0.36988000000000015,1528500,0.2544
2500,3000000,0.36988000000000015,1529000,0.222
2500,3000000,0.36988000000000015,1529500,0.2292
2500,3000000,0.36988000000000015,1530000,0.2888
2500,3000000,0.36988000000000015,1530500,0.2548
2500,3000000,0.36988000000000015,1531000,0.2912
2500,3000000,0.36988000000000015,1531500,0.3096
2500,3000000,0.36988000000000015,1532000,0.2716
2500,3000000,0.36988000000000015,1532500,0.2716
2500,3000000,0.36988000000000015,1533000,0.2396
2500,3000000,0.36988000000000015,1533500,0.2036
2500,3000000,0.36988000000000015,1534000,0.1664
2500,3000000,0.36988000000000015,1534500,0.1928
2500,3000000,0.36988000000000015,1535000,0.1576
2500,3000000,0.36988000000000015,1535500,0.14
2500,3000000,0.36988000000000015,1536000,0.1432
2500,3000000,0.36988000000000015,1536500,0.1756
2500,3000000,0.36988000000000015,1537000,0.14
2500,3000000,0.36988000000000015,1537500,0.1672
2500,3000000,0.36988000000000015,1538000,0.1496
2500,3000000,0.36988000000000015,1538500,0.1528
2500,3000000,0.36988000000000015,1539000,0.156
2500,3000000,0.36988000000000015,1539500,0.1524
2500,3000000,0.36988000000000015,1540000,0.176
2500,3000000,0.36988000000000015,1540500,0.2076
2500,3000000,0.36988000000000015,1541000,0.2656
2500,3000000,0.36988000000000015,1541500,0.2348
2500,3000000,0.36988000000000015,1542000,0.2384
2500,3000000,0.36988000000000015,1542500,0.2156
2500,3000000,0.36988000000000015,1543000,0.248
2500,3000000,0.36988000000000015,1543500,0.1884
2500,3000000,0.36988000000000015,1544000,0.214
2500,3000000,0.36988000000000015,1544500,0.2312
2500,3000000,0.36988000000000015,1545000,0.212
2500,3000000,0.36988000000000015,1545500,0.2344
2500,3000000,0.36988000000000015,1546000,0.1828
2500,3000000,0.36988000000000015,1546500,0.1728
2500,3000000,0.36988000000000015,1547000,0.1772
2500,3000000,0.36988000000000015,1547500,0.1828
2500,3000000,0.36988000000000015,1548000,0.1836
2500,3000000,0.36988000000000015,1548500,0.19
2500,3000000,0.36988000000000015,1549000,0.234
2500,3000000,0.36988000000000015,1549500,0.262
2500,3000000,0.36988000000000015,1550000,0.2308
2500,3000000,0.36988000000000015,1550500,0.306
2500,3000000,0.36988000000000015,1551000,0.2688
2500,3000000,0.36988000000000015,1551500,0.2628
2500,3000000,0.36988000000000015,1552000,0.2772
2500,3000000,0.36988000000000015,1552500,0.298
2500,3000000,0.36988000000000015,1553000,0.3088
2500,3000000,0.36988000000000015,1553500,0.3084
2500,3000000,0.36988000000000015,1554000,0.2672
2500,3000000,0.36988000000000015,1554500,0.2852
2500,3000000,0.36988000000000015,1555000,0.2812
2500,3000000,0.36988000000000015,1555500,0.3148
2500,3000000,0.36988000000000015,1556000,0.252
2500,3000000,0.36988000000000015,1556500,0.2672
2500,3000000,0.36988000000000015,1557000,0.2952
2500,3000000,0.36988000000000015,1557500,0.2432
2500,3000000,0.36988000000000015,1558000,0.2252
2500,3000000,0.36988000000000015,1558500,0.2348
2500,3000000,0.36988000000000015,1559000,0.2192
2500,3000000,0.36988000000000015,1559500,0.2112
2500,3000000,0.36988000000000015,1560000,0.2428
2500,3000000,0.36988000000000015,1560500,0.1988
2500,3000000,0.36988000000000015,1561000,0.2772
2500,3000000,0.36988000000000015,1561500,0.202
2500,3000000,0.36988000000000015,1562000,0.2052
2500,3000000,0.36988000000000015,1562500,0.2072
2500,3000000,0.36988000000000015,1563000,0.268
2500,3000000,0.36988000000000015,1563500,0.2676
2500,3000000,0.36988000000000015,1564000,0.2968
2500,3000000,0.36988000000000015,1564500,0.2344
2500,3000000,0.36988000000000015,1565000,0.24
2500,3000000,0.36988000000000015,1565500,0.262
2500,3000000,0.36988000000000015,1566000,0.2464
2500,3000000,0.36988000000000015,1566500,0.2692
2500,3000000,0.36988000000000015,1567000,0.2516
2500,3000000,0.36988000000000015,1567500,0.216
2500,3000000,0.36988000000000015,1568000,0.2092
2500,3000000,0.36988000000000015,1568500,0.2064
2500,3000000,0.36988000000000015,1569000,0.1952
2500,3000000,0.36988000000000015,1569500,0.2112
2500,3000000,0.36988000000000015,1570000,0.206
2500,3000000,0.36988000000000015,1570500,0.2388
2500,3000000,0.36988000000000015,1571000,0.2272
2500,3000000,0.36988000000000015,1571500,0.282
2500,3000000,0.36988000000000015,1572000,0.304
2500,3000000,0.36988000000000015,1572500,0.282
2500,3000000,0.36988000000000015,1573000,0.2372
2500,3000000,0.36988000000000015,1573500,0.2504
2500,3000000,0.36988000000000015,1574000,0.23
2500,3000000,0.36988000000000015,1574500,0.2524
2500,3000000,0.36988000000000015,1575000,0.2356
2500,3000000,0.36988000000000015,1575500,0.2348
2500,3000000,0.36988000000000015,1576000,0.2572
2500,3000000,0.36988000000000015,1576500,0.2328
2500,3000000,0.36988000000000015,1577000,0.2016
2500,3000000,0.36988000000000015,1577500,0.212
2500,3000000,0.36988000000000015,1578000,0.2712
2500,3000000,0.36988000000000015,1578500,0.2424
2500,3000000,0.36988000000000015,1579000,0.2288
2500,3000000,0.36988000000000015,1579500,0.1964
2500,3000000,0.36988000000000015,1580000,0.1984
2500,3000000,0.36988000000000015,1580500,0.1756
2500,3000000,0.36988000000000015,1581000,0.2036
2500,3000000,0.36988000000000015,1581500,0.1756
2500,3000000,0.36988000000000015,1582000,0.2208
2500,3000000,0.36988000000000015,1582500,0.2828
2500,3000000,0.36988000000000015,1583000,0.3084
2500,3000000,0.36988000000000015,1583500,0.294
2500,3000000,0.36988000000000015,1584000,0.2832
2500,3000000,0.36988000000000015,1584500,0.254
2500,3000000,0.36988000000000015,1585000,0.1932
2500,3000000,0.36988000000000015,1585500,0.2036
2500,3000000,0.36988000000000015,1586000,0.2316
2500,3000000,0.36988000000000015,1586500,0.206
2500,3000000,0.36988000000000015,1587000,0.188
2500,3000000,0.36988000000000015,1587500,0.3036
2500,3000000,0.36988000000000015,1588000,0.2468
2500,3000000,0.36988000000000015,1588500,0.2724
2500,3000000,0.36988000000000015,1589000,0.214
2500,3000000,0.36988000000000015,1589500,0.2008
2500,3000000,0.36988000000000015,1590000,0.2124
2500,3000000,0.36988000000000015,1590500,0.2392
2500,3000000,0.36988000000000015,1591000,0.196
2500,3000000,0.36988000000000015,1591500,0.2496
2500,3000000,0.36988000000000015,1592000,0.2444
2500,3000000,0.36988000000000015,1592500,0.2196
2500,3000000,0.36988000000000015,1593000,0.278
2500,3000000,0.36988000000000015,1593500,0.2912
2500,3000000,0.36988000000000015,1594000,0.2748
2500,3000000,0.36988000000000015,1594500,0.2804
2500,3000000,0.36988000000000015,1595000,0.2632
2500,3000000,0.36988000000000015,1595500,0.2756
2500,3000000,0.36988000000000015,1596000,0.24
2500,3000000,0.36988000000000015,1596500,0.2208
2500,3000000,0.36988000000000015,1597000,0.2044
2500,3000000,0.36988000000000015,1597500,0.1816
2500,3000000,0.36988000000000015,1598000,0.1972
2500,3000000,0.36988000000000015,1598500,0.2608
2500,3000000,0.36988000000000015,1599000,0.2052
2500,3000000,0.36988000000000015,1599500,0.1768
2500,3000000,0.36988000000000015,1600000,0.2376
2500,3000000,0.36988000000000015,1600500,0.276
2500,3000000,0.36988000000000015,1601000,0.2264
2500,3000000,0.36988000000000015,1601500,0.22
2500,3000000,0.36988000000000015,1602000,0.2724
2500,3000000,0.36988000000000015,1602500,0.1636
2500,3000000,0.36988000000000015,1603000,0.2024
2500,3000000,0.36988000000000015,1603500,0.1972
2500,3000000,0.36988000000000015,1604000,0.2048
2500,3000000,0.36988000000000015,1604500,0.2216
2500,3000000,0.36988000000000015,1605000,0.1956
2500,3000000,0.36988000000000015,1605500,0.19
2500,3000000,0.36988000000000015,1606000,0.1724
2500,3000000,0.36988000000000015,1606500,0.1896
2500,3000000,0.36988000000000015,1607000,0.1968
2500,3000000,0.36988000000000015,1607500,0.206
2500,3000000,0.36988000000000015,1608000,0.2644
2500,3000000,0.36988000000000015,1608500,0.2528
2500,3000000,0.36988000000000015,1609000,0.242
2500,3000000,0.36988000000000015,1609500,0.262
2500,3000000,0.36988000000000015,1610000,0.2632
2500,3000000,0.36988000000000015,1610500,0.2944
2500,3000000,0.36988000000000015,1611000,0.2404
2500,3000000,0.36988000000000015,1611500,0.2912
2500,3000000,0.36988000000000015,1612000,0.2568
2500,3000000,0.36988000000000015,1612500,0.2912
2500,3000000,0.36988000000000015,1613000,0.2992
2500,3000000,0.36988000000000015,1613500,0.26
2500,3000000,0.36988000000000015,1614000,0.322
2500,3000000,0.36988000000000015,1614500,0.3164
2500,3000000,0.36988000000000015,1615000,0.3708
2500,3000000,0.36988000000000015,1615500,0.3228
2500,3000000,0.36988000000000015,1616000,0.3244
2500,3000000,0.36988000000000015,1616500,0.3096
2500,3000000,0.36988000000000015,1617000,0.2692
2500,3000000,0.36988000000000015,1617500,0.2724
2500,3000000,0.36988000000000015,1618000,0.2228
2500,3000000,0.36988000000000015,1618500,0.2116
2500,3000000,0.36988000000000015,1619000,0.2192
2500,3000000,0.36988000000000015,1619500,0.26
2500,3000000,0.36988000000000015,1620000,0.2684
2500,3000000,0.36988000000000015,1620500,0.2428
2500,3000000,0.36988000000000015,1621000,0.2164
2500,3000000,0.36988000000000015,1621500,0.2368
2500,3000000,0.36988000000000015,1622000,0.2792
2500,3000000,0.36988000000000015,1622500,0.3128
2500,3000000,0.36988000000000015,1623000,0.2584
2500,3000000,0.36988000000000015,1623500,0.2376
2500,3000000,0.36988000000000015,1624000,0.2592
2500,3000000,0.36988000000000015,1624500,0.2632
2500,3000000,0.36988000000000015,1625000,0.3092
2500,3000000,0.36988000000000015,1625500,0.2452
2500,3000000,0.36988000000000015,1626000,0.22
2500,3000000,0.36988000000000015,1626500,0.2244
2500,3000000,0.36988000000000015,1627000,0.2524
2500,3000000,0.36988000000000015,1627500,0.2372
2500,3000000,0.36988000000000015,1628000,0.2412
2500,3000000,0.36988000000000015,1628500,0.2036
2500,3000000,0.36988000000000015,1629000,0.2204
2500,3000000,0.36988000000000015,1629500,0.242
2500,3000000,0.36988000000000015,1630000,0.2656
2500,3000000,0.36988000000000015,1630500,0.2108
2500,3000000,0.36988000000000015,1631000,0.2352
2500,3000000,0.36988000000000015,1631500,0.286
2500,3000000,0.36988000000000015,1632000,0.2888
2500,3000000,0.36988000000000015,1632500,0.2824
2500,3000000,0.36988000000000015,1633000,0.264
2500,3000000,0.36988000000000015,1633500,0.2748
2500,3000000,0.36988000000000015,1634000,0.2872
2500,3000000,0.36988000000000015,1634500,0.2112
2500,3000000,0.36988000000000015,1635000,0.2736
2500,3000000,0.36988000000000015,1635500,0.2508
2500,3000000,0.36988000000000015,1636000,0.194
2500,3000000,0.36988000000000015,1636500,0.168
2500,3000000,0.36988000000000015,1637000,0.1584
2500,3000000,0.36988000000000015,1637500,0.1404
2500,3000000,0.36988000000000015,1638000,0.1644
2500,3000000,0.36988000000000015,1638500,0.1788
2500,3000000,0.36988000000000015,1639000,0.1724
2500,3000000,0.36988000000000015,1639500,0.2036
2500,3000000,0.36988000000000015,1640000,0.2468
2500,3000000,0.36988000000000015,1640500,0.1916
2500,3000000,0.36988000000000015,1641000,0.2124
2500,3000000,0.36988000000000015,1641500,0.2136
2500,3000000,0.36988000000000015,1642000,0.196
2500,3000000,0.36988000000000015,1642500,0.1968
2500,3000000,0.36988000000000015,1643000,0.1804
2500,3000000,0.36988000000000015,1643500,0.2336
2500,3000000,0.36988000000000015,1644000,0.2132
2500,3000000,0.36988000000000015,1644500,0.1996
2500,3000000,0.36988000000000015,1645000,0.166
2500,3000000,0.36988000000000015,1645500,0.1256
2500,3000000,0.36988000000000015,1646000,0.1128
2500,3000000,0.36988000000000015,1646500,0.1516
2500,3000000,0.36988000000000015,1647000,0.1416
2500,3000000,0.36988000000000015,1647500,0.1848
2500,3000000,0.36988000000000015,1648000,0.1432
2500,3000000,0.36988000000000015,1648500,0.1304
2500,3000000,0.36988000000000015,1649000,0.1808
2500,3000000,0.36988000000000015,1649500,0.1508
2500,3000000,0.36988000000000015,1650000,0.154
2500,3000000,0.36988000000000015,1650500,0.1476
2500,3000000,0.36988000000000015,1651000,0.158
2500,3000000,0.36988000000000015,1651500,0.1448
2500,3000000,0.36988000000000015,1652000,0.1548
2500,3000000,0.36988000000000015,1652500,0.1684
2500,3000000,0.36988000000000015,1653000,0.1556
2500,3000000,0.36988000000000015,1653500,0.1716
2500,3000000,0.36988000000000015,1654000,0.1752
2500,3000000,0.36988000000000015,1654500,0.1056
2500,3000000,0.36988000000000015,1655000,0.1012
2500,3000000,0.36988000000000015,1655500,0.1272
2500,3000000,0.36988000000000015,1656000,0.1504
2500,3000000,0.36988000000000015,1656500,0.1548
2500,3000000,0.36988000000000015,1657000,0.1112
2500,3000000,0.36988000000000015,1657500,0.1104
2500,3000000,0.36988000000000015,1658000,0.1708
2500,3000000,0.36988000000000015,1658500,0.1704
2500,3000000,0.36988000000000015,1659000,0.1204
2500,3000000,0.36988000000000015,1659500,0.1472
2500,3000000,0.36988000000000015,1660000,0.1704
2500,3000000,0.36988000000000015,1660500,0.1864
2500,3000000,0.36988000000000015,1661000,0.1988
2500,3000000,0.36988000000000015,1661500,0.2152
2500,3000000,0.36988000000000015,1662000,0.2436
2500,3000000,0.36988000000000015,1662500,0.1916
2500,3000000,0.36988000000000015,1663000,0.2064
2500,3000000,0.36988000000000015,1663500,0.1836
2500,3000000,0.36988000000000015,1664000,0.186
2500,3000000,0.36988000000000015,1664500,0.16
2500,3000000,0.36988000000000015,1665000,0.1504
2500,3000000,0.36988000000000015,1665500,0.1672
2500,3000000,0.36988000000000015,1666000,0.198
2500,3000000,0.36988000000000015,1666500,0.2264
2500,3000000,0.36988000000000015,1667000,0.1984
2500,3000000,0.36988000000000015,1667500,0.1828
2500,3000000,0.36988000000000015,1668000,0.1752
2500,3000000,0.36988000000000015,1668500,0.1452
2500,3000000,0.36988000000000015,1669000,0.1728
2500,3000000,0.36988000000000015,1669500,0.1512
2500,3000000,0.36988000000000015,1670000,0.166
2500,3000000,0.36988000000000015,1670500,0.1388
2500,3000000,0.36988000000000015,1671000,0.1796
2500,3000000,0.36988000000000015,1671500,0.1704
2500,3000000,0.36988000000000015,1672000,0.1492
2500,3000000,0.36988000000000015,1672500,0.1168
2500,3000000,0.36988000000000015,1673000,0.12
2500,3000000,0.36988000000000015,1673500,0.1808
2500,3000000,0.36988000000000015,1674000,0.1448
2500,3000000,0.36988000000000015,1674500,0.1768
2500,3000000,0.36988000000000015,1675000,0.166
2500,3000000,0.36988000000000015,1675500,0.1188
2500,3000000,0.36988000000000015,1676000,0.1584
2500,3000000,0.36988000000000015,1676500,0.1352
2500,3000000,0.36988000000000015,1677000,0.1404
2500,3000000,0.36988000000000015,1677500,0.1628
2500,3000000,0.36988000000000015,1678000,0.1428
2500,3000000,0.36988000000000015,1678500,0.1456
2500,3000000,0.36988000000000015,1679000,0.1608
2500,3000000,0.36988000000000015,1679500,0.102
2500,3000000,0.36988000000000015,1680000,0.102
2500,3000000,0.36988000000000015,1680500,0.0816
2500,3000000,0.36988000000000015,1681000,0.0984
2500,3000000,0.36988000000000015,1681500,0.1036
2500,3000000,0.36988000000000015,1682000,0.0916
2500,3000000,0.36988000000000015,1682500,0.1068
2500,3000000,0.36988000000000015,1683000,0.0864
2500,3000000,0.36988000000000015,1683500,0.0884
2500,3000000,0.36988000000000015,1684000,0.084
2500,3000000,0.36988000000000015,1684500,0.0896
2500,3000000,0.36988000000000015,1685000,0.0972
2500,3000000,0.36988000000000015,1685500,0.1036
2500,3000000,0.36988000000000015,1686000,0.0724
2500,3000000,0.36988000000000015,1686500,0.0492
2500,3000000,0.36988000000000015,1687000,0.07
2500,3000000,0.36988000000000015,1687500,0.0852
2500,3000000,0.36988000000000015,1688000,0.0588
2500,3000000,0.36988000000000015,1688500,0.0748
2500,3000000,0.36988000000000015,1689000,0.072
2500,3000000,0.36988000000000015,1689500,0.0872
2500,3000000,0.36988000000000015,1690000,0.0864
2500,3000000,0.36988000000000015,1690500,0.0708
2500,3000000,0.36988000000000015,1691000,0.0884
2500,3000000,0.36988000000000015,1691500,0.0912
2500,3000000,0.36988000000000015,1692000,0.1032
2500,3000000,0.36988000000000015,1692500,0.106
2500,3000000,0.36988000000000015,1693000,0.0788
2500,3000000,0.36988000000000015,1693500,0.032
2500,3000000,0.36988000000000015,1694000,0.0444
2500,3000000,0.36988000000000015,1694500,0.036
2500,3000000,0.36988000000000015,1695000,0.0568
2500,3000000,0.36988000000000015,1695500,0.0628
2500,3000000,0.36988000000000015,1696000,0.0564
2500,3000000,0.36988000000000015,1696500,0.0736
2500,3000000,0.36988000000000015,1697000,0.048
2500,3000000,0.36988000000000015,1697500,0.0696
2500,3000000,0.36988000000000015,1698000,0.0884
2500,3000000,0.36988000000000015,1698500,0.0844
2500,3000000,0.36988000000000015,1699000,0.0724
2500,3000000,0.36988000000000015,1699500,0.0752
2500,3000000,0.36988000000000015,1700000,0.0948
2500,3000000,0.36988000000000015,1700500,0.114
2500,3000000,0.36988000000000015,1701000,0.1264
2500,3000000,0.36988000000000015,1701500,0.1392
2500,3000000,0.36988000000000015,1702000,0.112
2500,3000000,0.36988000000000015,1702500,0.0984
2500,3000000,0.36988000000000015,1703000,0.1
2500,3000000,0.36988000000000015,1703500,0.098
2500,3000000,0.36988000000000015,1704000,0.0968
2500,3000000,0.36988000000000015,1704500,0.0676
2500,3000000,0.36988000000000015,1705000,0.0664
2500,3000000,0.36988000000000015,1705500,0.0884
2500,3000000,0.36988000000000015,1706000,0.1028
2500,3000000,0.36988000000000015,1706500,0.082
2500,3000000,0.36988000000000015,1707000,0.0688
2500,3000000,0.36988000000000015,1707500,0.08
2500,3000000,0.36988000000000015,1708000,0.0568
2500,3000000,0.36988000000000015,1708500,0.0688
2500,3000000,0.36988000000000015,1709000,0.0572
2500,3000000,0.36988000000000015,1709500,0.0488
2500,3000000,0.36988000000000015,1710000,0.0364
2500,3000000,0.36988000000000015,1710500,0.0468
2500,3000000,0.36988000000000015,1711000,0.0488
2500,3000000,0.36988000000000015,1711500,0.0412
2500,3000000,0.36988000000000015,1712000,0.0528
2500,3000000,0.36988000000000015,1712500,0.046
2500,3000000,0.36988000000000015,1713000,0.054
2500,3000000,0.36988000000000015,1713500,0.0588
2500,3000000,0.36988000000000015,1714000,0.0484
2500,3000000,0.36988000000000015,1714500,0.0276
2500,3000000,0.36988000000000015,1715000,0.0296
2500,3000000,0.36988000000000015,1715500,0.0188
2500,3000000,0.36988000000000015,1716000,0.016
2500,3000000,0.36988000000000015,1716500,0.024
2500,3000000,0.36988000000000015,1717000,0.0228
2500,3000000,0.36988000000000015,1717500,0.0248
2500,3000000,0.36988000000000015,1718000,0.0284
2500,3000000,0.36988000000000015,1718500,0.0284
2500,3000000,0.36988000000000015,1719000,0.0456
2500,3000000,0.36988000000000015,1719500,0.0332
2500,3000000,0.36988000000000015,1720000,0.0572
2500,3000000,0.36988000000000015,1720500,0.0364
2500,3000000,0.36988000000000015,1721000,0.0296
2500,3000000,0.36988000000000015,1721500,0.0348
2500,3000000,0.36988000000000015,1722000,0.0448
2500,3000000,0.36988000000000015,1722500,0.0468
2500,3000000,0.36988000000000015,1723000,0.0632
2500,3000000,0.36988000000000015,1723500,0.0356
2500,3000000,0.36988000000000015,1724000,0.0696
2500,3000000,0.36988000000000015,1724500,0.05
2500,3000000,0.36988000000000015,1725000,0.0624
2500,3000000,0.36988000000000015,1725500,0.0612
2500,3000000,0.36988000000000015,1726000,0.0668
2500,3000000,0.36988000000000015,1726500,0.0836
2500,3000000,0.36988000000000015,1727000,0.0624
2500,3000000,0.36988000000000015,1727500,0.0476
2500,3000000,0.36988000000000015,1728000,0.0376
2500,3000000,0.36988000000000015,1728500,0.0216
2500,3000000,0.36988000000000015,1729000,0.0288
2500,3000000,0.36988000000000015,1729500,0.03
2500,3000000,0.36988000000000015,1730000,0.0316
2500,3000000,0.36988000000000015,1730500,0.0504
2500,3000000,0.36988000000000015,1731000,0.0588
2500,3000000,0.36988000000000015,1731500,0.0388
2500,3000000,0.36988000000000015,1732000,0.0568
2500,3000000,0.36988000000000015,1732500,0.0676
2500,3000000,0.36988000000000015,1733000,0.0756
2500,3000000,0.36988000000000015,1733500,0.0832
2500,3000000,0.36988000000000015,1734000,0.0864
2500,3000000,0.36988000000000015,1734500,0.086
2500,3000000,0.36988000000000015,1735000,0.0604
2500,3000000,0.36988000000000015,1735500,0.048
2500,3000000,0.36988000000000015,1736000,0.0848
2500,3000000,0.36988000000000015,1736500,0.072
2500,3000000,0.36988000000000015,1737000,0.1
2500,3000000,0.36988000000000015,1737500,0.052
2500,3000000,0.36988000000000015,1738000,0.0776
2500,3000000,0.36988000000000015,1738500,0.0816
2500,3000000,0.36988000000000015,1739000,0.1228
2500,3000000,0.36988000000000015,1739500,0.134
2500,3000000,0.36988000000000015,1740000,0.1128
2500,3000000,0.36988000000000015,1740500,0.1008
2500,3000000,0.36988000000000015,1741000,0.1168
2500,3000000,0.36988000000000015,1741500,0.0784
2500,3000000,0.36988000000000015,1742000,0.1012
2500,3000000,0.36988000000000015,1742500,0.0972
2500,3000000,0.36988000000000015,1743000,0.0968
2500,3000000,0.36988000000000015,1743500,0.0972
2500,3000000,0.36988000000000015,1744000,0.0924
2500,3000000,0.36988000000000015,1744500,0.0848
2500,3000000,0.36988000000000015,1745000,0.05
2500,3000000,0.36988000000000015,1745500,0.0776
2500,3000000,0.36988000000000015,1746000,0.0808
2500,3000000,0.36988000000000015,1746500,0.1004
2500,3000000,0.36988000000000015,1747000,0.1144
2500,3000000,0.36988000000000015,1747500,0.108
2500,3000000,0.36988000000000015,1748000,0.1284
2500,3000000,0.36988000000000015,1748500,0.1204
2500,3000000,0.36988000000000015,1749000,0.102
2500,3000000,0.36988000000000015,1749500,0.1792
2500,3000000,0.36988000000000015,1750000,0.1644
2500,3000000,0.36988000000000015,1750500,0.1772
2500,3000000,0.36988000000000015,1751000,0.174
2500,3000000,0.36988000000000015,1751500,0.1892
2500,3000000,0.36988000000000015,1752000,0.2004
2500,3000000,0.36988000000000015,1752500,0.1584
2500,3000000,0.36988000000000015,1753000,0.1608
2500,3000000,0.36988000000000015,1753500,0.1796
2500,3000000,0.36988000000000015,1754000,0.226
2500,3000000,0.36988000000000015,1754500,0.1944
2500,3000000,0.36988000000000015,1755000,0.1844
2500,3000000,0.36988000000000015,1755500,0.1956
2500,3000000,0.36988000000000015,1756000,0.2048
2500,3000000,0.36988000000000015,1756500,0.1684
2500,3000000,0.36988000000000015,1757000,0.18
2500,3000000,0.36988000000000015,1757500,0.2056
2500,3000000,0.36988000000000015,1758000,0.2224
2500,3000000,0.36988000000000015,1758500,0.186
2500,3000000,0.36988000000000015,1759000,0.1704
2500,3000000,0.36988000000000015,1759500,0.1344
2500,3000000,0.36988000000000015,1760000,0.166
2500,3000000,0.36988000000000015,1760500,0.1936
2500,3000000,0.36988000000000015,1761000,0.1748
2500,3000000,0.36988000000000015,1761500,0.1568
2500,3000000,0.36988000000000015,1762000,0.1788
2500,3000000,0.36988000000000015,1762500,0.1828
2500,3000000,0.36988000000000015,1763000,0.1728
2500,3000000,0.36988000000000015,1763500,0.1912
2500,3000000,0.36988000000000015,1764000,0.1796
2500,3000000,0.36988000000000015,1764500,0.1716
2500,3000000,0.36988000000000015,1765000,0.2084
2500,3000000,0.36988000000000015,1765500,0.2208
2500,3000000,0.36988000000000015,1766000,0.168
2500,3000000,0.36988000000000015,1766500,0.2252
2500,3000000,0.36988000000000015,1767000,0.244
2500,3000000,0.36988000000000015,1767500,0.1688
2500,3000000,0.36988000000000015,1768000,0.2156
2500,3000000,0.36988000000000015,1768500,0.2096
2500,3000000,0.36988000000000015,1769000,0.2544
2500,3000000,0.36988000000000015,1769500,0.2268
2500,3000000,0.36988000000000015,1770000,0.2268
2500,3000000,0.36988000000000015,1770500,0.21
2500,3000000,0.36988000000000015,1771000,0.196
2500,3000000,0.36988000000000015,1771500,0.1816
2500,3000000,0.36988000000000015,1772000,0.1764
2500,3000000,0.36988000000000015,1772500,0.1668
2500,3000000,0.36988000000000015,1773000,0.1876
2500,3000000,0.36988000000000015,1773500,0.2028
2500,3000000,0.36988000000000015,1774000,0.2088
2500,3000000,0.36988000000000015,1774500,0.19
2500,3000000,0.36988000000000015,1775000,0.198
2500,3000000,0.36988000000000015,1775500,0.1944
2500,3000000,0.36988000000000015,1776000,0.2228
2500,3000000,0.36988000000000015,1776500,0.2276
2500,3000000,0.36988000000000015,1777000,0.1732
2500,3000000,0.36988000000000015,1777500,0.1956
2500,3000000,0.36988000000000015,1778000,0.1732
2500,3000000,0.36988000000000015,1778500,0.1752
2500,3000000,0.36988000000000015,1779000,0.2152
2500,3000000,0.36988000000000015,1779500,0.2116
2500,3000000,0.36988000000000015,1780000,0.2116
2500,3000000,0.36988000000000015,1780500,0.2204
2500,3000000,0.36988000000000015,1781000,0.2056
2500,3000000,0.36988000000000015,1781500,0.1572
2500,3000000,0.36988000000000015,1782000,0.1748
2500,3000000,0.36988000000000015,1782500,0.1496
2500,3000000,0.36988000000000015,1783000,0.1868
2500,3000000,0.36988000000000015,1783500,0.1752
2500,3000000,0.36988000000000015,1784000,0.1532
2500,3000000,0.36988000000000015,1784500,0.2324
2500,3000000,0.36988000000000015,1785000,0.2236
2500,3000000,0.36988000000000015,1785500,0.222
2500,3000000,0.36988000000000015,1786000,0.2332
2500,3000000,0.36988000000000015,1786500,0.214
2500,3000000,0.36988000000000015,1787000,0.2336
2500,3000000,0.36988000000000015,1787500,0.2724
2500,3000000,0.36988000000000015,1788000,0.2876
2500,3000000,0.36988000000000015,1788500,0.2936
2500,3000000,0.36988000000000015,1789000,0.2932
2500,3000000,0.36988000000000015,1789500,0.2604
2500,3000000,0.36988000000000015,1790000,0.288
2500,3000000,0.36988000000000015,1790500,0.3068
2500,3000000,0.36988000000000015,1791000,0.3244
2500,3000000,0.36988000000000015,1791500,0.2868
2500,3000000,0.36988000000000015,1792000,0.206
2500,3000000,0.36988000000000015,1792500,0.2516
2500,3000000,0.36988000000000015,1793000,0.2788
2500,3000000,0.36988000000000015,1793500,0.2876
2500,3000000,0.36988000000000015,1794000,0.3232
2500,3000000,0.36988000000000015,1794500,0.3084
2500,3000000,0.36988000000000015,1795000,0.266
2500,3000000,0.36988000000000015,1795500,0.244
2500,3000000,0.36988000000000015,1796000,0.282
2500,3000000,0.36988000000000015,1796500,0.3332
2500,3000000,0.36988000000000015,1797000,0.3876
2500,3000000,0.36988000000000015,1797500,0.2836
2500,3000000,0.36988000000000015,1798000,0.268
2500,3000000,0.36988000000000015,1798500,0.2916
2500,3000000,0.36988000000000015,1799000,0.218
2500,3000000,0.36988000000000015,1799500,0.3032
2500,3000000,0.36988000000000015,1800000,0.3184
2500,3000000,0.36988000000000015,1800500,0.2916
2500,3000000,0.36988000000000015,1801000,0.2792
2500,3000000,0.36988000000000015,1801500,0.2648
2500,3000000,0.36988000000000015,1802000,0.2072
2500,3000000,0.36988000000000015,1802500,0.2056
2500,3000000,0.36988000000000015,1803000,0.19
2500,3000000,0.36988000000000015,1803500,0.1852
2500,3000000,0.36988000000000015,1804000,0.1884
2500,3000000,0.36988000000000015,1804500,0.2312
2500,3000000,0.36988000000000015,1805000,0.1812
2500,3000000,0.36988000000000015,1805500,0.1536
2500,3000000,0.36988000000000015,1806000,0.1588
2500,3000000,0.36988000000000015,1806500,0.1592
2500,3000000,0.36988000000000015,1807000,0.1568
2500,3000000,0.36988000000000015,1807500,0.1504
2500,3000000,0.36988000000000015,1808000,0.1816
2500,3000000,0.36988000000000015,1808500,0.2104
2500,3000000,0.36988000000000015,1809000,0.1864
2500,3000000,0.36988000000000015,1809500,0.1908
2500,3000000,0.36988000000000015,1810000,0.176
2500,3000000,0.36988000000000015,1810500,0.1596
2500,3000000,0.36988000000000015,1811000,0.1512
2500,3000000,0.36988000000000015,1811500,0.1752
2500,3000000,0.36988000000000015,1812000,0.1644
2500,3000000,0.36988000000000015,1812500,0.2472
2500,3000000,0.36988000000000015,1813000,0.1836
2500,3000000,0.36988000000000015,1813500,0.2104
2500,3000000,0.36988000000000015,1814000,0.2804
2500,3000000,0.36988000000000015,1814500,0.2908
2500,3000000,0.36988000000000015,1815000,0.2772
2500,3000000,0.36988000000000015,1815500,0.2332
2500,3000000,0.36988000000000015,1816000,0.296
2500,3000000,0.36988000000000015,1816500,0.2948
2500,3000000,0.36988000000000015,1817000,0.2536
2500,3000000,0.36988000000000015,1817500,0.2144
2500,3000000,0.36988000000000015,1818000,0.2004
2500,3000000,0.36988000000000015,1818500,0.1916
2500,3000000,0.36988000000000015,1819000,0.242
2500,3000000,0.36988000000000015,1819500,0.2448
2500,3000000,0.36988000000000015,1820000,0.2948
2500,3000000,0.36988000000000015,1820500,0.246
2500,3000000,0.36988000000000015,1821000,0.2624
2500,3000000,0.36988000000000015,1821500,0.2212
2500,3000000,0.36988000000000015,1822000,0.2724
2500,3000000,0.36988000000000015,1822500,0.2668
2500,3000000,0.36988000000000015,1823000,0.2972
2500,3000000,0.36988000000000015,1823500,0.3776
2500,3000000,0.36988000000000015,1824000,0.4108
2500,3000000,0.36988000000000015,1824500,0.4068
2500,3000000,0.36988000000000015,1825000,0.374
2500,3000000,0.36988000000000015,1825500,0.34
2500,3000000,0.36988000000000015,1826000,0.3592
2500,3000000,0.36988000000000015,1826500,0.2936
2500,3000000,0.36988000000000015,1827000,0.3192
2500,3000000,0.36988000000000015,1827500,0.312
2500,3000000,0.36988000000000015,1828000,0.2956
2500,3000000,0.36988000000000015,1828500,0.2472
2500,3000000,0.36988000000000015,1829000,0.284
2500,3000000,0.36988000000000015,1829500,0.2816
2500,3000000,0.36988000000000015,1830000,0.332
2500,3000000,0.36988000000000015,1830500,0.348
2500,3000000,0.36988000000000015,1831000,0.2828
2500,3000000,0.36988000000000015,1831500,0.2904
2500,3000000,0.36988000000000015,1832000,0.3176
2500,3000000,0.36988000000000015,1832500,0.2992
2500,3000000,0.36988000000000015,1833000,0.3116
2500,3000000,0.36988000000000015,1833500,0.3312
2500,3000000,0.36988000000000015,1834000,0.3444
2500,3000000,0.36988000000000015,1834500,0.3352
2500,3000000,0.36988000000000015,1835000,0.2836
2500,3000000,0.36988000000000015,1835500,0.36
2500,3000000,0.36988000000000015,1836000,0.3392
2500,3000000,0.36988000000000015,1836500,0.34
2500,3000000,0.36988000000000015,1837000,0.3804
2500,3000000,0.36988000000000015,1837500,0.3648
2500,3000000,0.36988000000000015,1838000,0.328
2500,3000000,0.36988000000000015,1838500,0.2652
2500,3000000,0.36988000000000015,1839000,0.2496
2500,3000000,0.36988000000000015,1839500,0.268
2500,3000000,0.36988000000000015,1840000,0.2432
2500,3000000,0.36988000000000015,1840500,0.2552
2500,3000000,0.36988000000000015,1841000,0.27
2500,3000000,0.36988000000000015,1841500,0.2276
2500,3000000,0.36988000000000015,1842000,0.2472
2500,3000000,0.36988000000000015,1842500,0.248
2500,3000000,0.36988000000000015,1843000,0.2964
2500,3000000,0.36988000000000015,1843500,0.258
2500,3000000,0.36988000000000015,1844000,0.2868
2500,3000000,0.36988000000000015,1844500,0.274
2500,3000000,0.36988000000000015,1845000,0.2836
2500,3000000,0.36988000000000015,1845500,0.3556
2500,3000000,0.36988000000000015,1846000,0.3264
2500,3000000,0.36988000000000015,1846500,0.3184
2500,3000000,0.36988000000000015,1847000,0.3372
2500,3000000,0.36988000000000015,1847500,0.2972
2500,3000000,0.36988000000000015,1848000,0.3332
2500,3000000,0.36988000000000015,1848500,0.3308
2500,3000000,0.36988000000000015,1849000,0.36
2500,3000000,0.36988000000000015,1849500,0.3124
2500,3000000,0.36988000000000015,1850000,0.2988
2500,3000000,0.36988000000000015,1850500,0.3328
2500,3000000,0.36988000000000015,1851000,0.3244
2500,3000000,0.36988000000000015,1851500,0.3568
2500,3000000,0.36988000000000015,1852000,0.2792
2500,3000000,0.36988000000000015,1852500,0.3556
2500,3000000,0.36988000000000015,1853000,0.3528
2500,3000000,0.36988000000000015,1853500,0.3312
2500,3000000,0.36988000000000015,1854000,0.384
2500,3000000,0.36988000000000015,1854500,0.3364
2500,3000000,0.36988000000000015,1855000,0.3372
2500,3000000,0.36988000000000015,1855500,0.3524
2500,3000000,0.36988000000000015,1856000,0.3708
2500,3000000,0.36988000000000015,1856500,0.3252
2500,3000000,0.36988000000000015,1857000,0.322
2500,3000000,0.36988000000000015,1857500,0.3348
2500,3000000,0.36988000000000015,1858000,0.2952
2500,3000000,0.36988000000000015,1858500,0.3196
2500,3000000,0.36988000000000015,1859000,0.3332
2500,3000000,0.36988000000000015,1859500,0.286
2500,3000000,0.36988000000000015,1860000,0.2732
2500,3000000,0.36988000000000015,1860500,0.3148
2500,3000000,0.36988000000000015,1861000,0.222
2500,3000000,0.36988000000000015,1861500,0.2064
2500,3000000,0.36988000000000015,1862000,0.2768
2500,3000000,0.36988000000000015,1862500,0.1956
2500,3000000,0.36988000000000015,1863000,0.2304
2500,3000000,0.36988000000000015,1863500,0.2216
2500,3000000,0.36988000000000015,1864000,0.2556
2500,3000000,0.36988000000000015,1864500,0.3008
2500,3000000,0.36988000000000015,1865000,0.2748
2500,3000000,0.36988000000000015,1865500,0.2904
2500,3000000,0.36988000000000015,1866000,0.2524
2500,3000000,0.36988000000000015,1866500,0.2464
2500,3000000,0.36988000000000015,1867000,0.246
2500,3000000,0.36988000000000015,1867500,0.2264
2500,3000000,0.36988000000000015,1868000,0.2584
2500,3000000,0.36988000000000015,1868500,0.2696
2500,3000000,0.36988000000000015,1869000,0.2564
2500,3000000,0.36988000000000015,1869500,0.3068
2500,3000000,0.36988000000000015,1870000,0.3024
2500,3000000,0.36988000000000015,1870500,0.3084
2500,3000000,0.36988000000000015,1871000,0.2924
2500,3000000,0.36988000000000015,1871500,0.3976
2500,3000000,0.36988000000000015,1872000,0.3852
2500,3000000,0.36988000000000015,1872500,0.414
2500,3000000,0.36988000000000015,1873000,0.4336
2500,3000000,0.36988000000000015,1873500,0.3952
2500,3000000,0.36988000000000015,1874000,0.4048
2500,3000000,0.36988000000000015,1874500,0.4212
2500,3000000,0.36988000000000015,1875000,0.2952
2500,3000000,0.36988000000000015,1875500,0.274
2500,3000000,0.36988000000000015,1876000,0.28
2500,3000000,0.36988000000000015,1876500,0.2236
2500,3000000,0.36988000000000015,1877000,0.172
2500,3000000,0.36988000000000015,1877500,0.2168
2500,3000000,0.36988000000000015,1878000,0.2424
2500,3000000,0.36988000000000015,1878500,0.2324
2500,3000000,0.36988000000000015,1879000,0.2396
2500,3000000,0.36988000000000015,1879500,0.2352
2500,3000000,0.36988000000000015,1880000,0.2508
2500,3000000,0.36988000000000015,1880500,0.3244
2500,3000000,0.36988000000000015,1881000,0.314
2500,3000000,0.36988000000000015,1881500,0.3172
2500,3000000,0.36988000000000015,1882000,0.3112
2500,3000000,0.36988000000000015,1882500,0.3116
2500,3000000,0.36988000000000015,1883000,0.2872
2500,3000000,0.36988000000000015,1883500,0.3196
2500,3000000,0.36988000000000015,1884000,0.3348
2500,3000000,0.36988000000000015,1884500,0.314
2500,3000000,0.36988000000000015,1885000,0.252
2500,3000000,0.36988000000000015,1885500,0.316
2500,3000000,0.36988000000000015,1886000,0.3508
2500,3000000,0.36988000000000015,1886500,0.3044
2500,3000000,0.36988000000000015,1887000,0.3352
2500,3000000,0.36988000000000015,1887500,0.2952
2500,3000000,0.36988000000000015,1888000,0.3432
2500,3000000,0.36988000000000015,1888500,0.3264
2500,3000000,0.36988000000000015,1889000,0.3076
2500,3000000,0.36988000000000015,1889500,0.3372
2500,3000000,0.36988000000000015,1890000,0.4128
2500,3000000,0.36988000000000015,1890500,0.2992
2500,3000000,0.36988000000000015,1891000,0.3012
2500,3000000,0.36988000000000015,1891500,0.2796
2500,3000000,0.36988000000000015,1892000,0.2368
2500,3000000,0.36988000000000015,1892500,0.2628
2500,3000000,0.36988000000000015,1893000,0.2468
2500,3000000,0.36988000000000015,1893500,0.2128
2500,3000000,0.36988000000000015,1894000,0.2896
2500,3000000,0.36988000000000015,1894500,0.3148
2500,3000000,0.36988000000000015,1895000,0.314
2500,3000000,0.36988000000000015,1895500,0.2844
2500,3000000,0.36988000000000015,1896000,0.3388
2500,3000000,0.36988000000000015,1896500,0.3584
2500,3000000,0.36988000000000015,1897000,0.3624
2500,3000000,0.36988000000000015,1897500,0.3512
2500,3000000,0.36988000000000015,1898000,0.32
2500,3000000,0.36988000000000015,1898500,0.3112
2500,3000000,0.36988000000000015,1899000,0.2184
2500,3000000,0.36988000000000015,1899500,0.2816
2500,3000000,0.36988000000000015,1900000,0.3036
2500,3000000,0.36988000000000015,1900500,0.2616
2500,3000000,0.36988000000000015,1901000,0.2696
2500,3000000,0.36988000000000015,1901500,0.236
2500,3000000,0.36988000000000015,1902000,0.234
2500,3000000,0.36988000000000015,1902500,0.222
2500,3000000,0.36988000000000015,1903000,0.2
2500,3000000,0.36988000000000015,1903500,0.1892
2500,3000000,0.36988000000000015,1904000,0.2084
2500,3000000,0.36988000000000015,1904500,0.2196
2500,3000000,0.36988000000000015,1905000,0.2128
2500,3000000,0.36988000000000015,1905500,0.2092
2500,3000000,0.36988000000000015,1906000,0.2068
2500,3000000,0.36988000000000015,1906500,0.192
2500,3000000,0.36988000000000015,1907000,0.2196
2500,3000000,0.36988000000000015,1907500,0.2468
2500,3000000,0.36988000000000015,1908000,0.2288
2500,3000000,0.36988000000000015,1908500,0.2564
2500,3000000,0.36988000000000015,1909000,0.2432
2500,3000000,0.36988000000000015,1909500,0.2428
2500,3000000,0.36988000000000015,1910000,0.222
2500,3000000,0.36988000000000015,1910500,0.2524
2500,3000000,0.36988000000000015,1911000,0.3076
2500,3000000,0.36988000000000015,1911500,0.2312
2500,3000000,0.36988000000000015,1912000,0.2632
2500,3000000,0.36988000000000015,1912500,0.2972
2500,3000000,0.36988000000000015,1913000,0.338
2500,3000000,0.36988000000000015,1913500,0.36
2500,3000000,0.36988000000000015,1914000,0.3376
2500,3000000,0.36988000000000015,1914500,0.2512
2500,3000000,0.36988000000000015,1915000,0.2784
2500,3000000,0.36988000000000015,1915500,0.3196
2500,3000000,0.36988000000000015,1916000,0.3492
2500,3000000,0.36988000000000015,1916500,0.3836
2500,3000000,0.36988000000000015,1917000,0.3996
2500,3000000,0.36988000000000015,1917500,0.4696
2500,3000000,0.36988000000000015,1918000,0.422
2500,3000000,0.36988000000000015,1918500,0.3928
2500,3000000,0.36988000000000015,1919000,0.3144
2500,3000000,0.36988000000000015,1919500,0.3692
2500,3000000,0.36988000000000015,1920000,0.3344
2500,3000000,0.36988000000000015,1920500,0.3452
2500,3000000,0.36988000000000015,1921000,0.2796
2500,3000000,0.36988000000000015,1921500,0.2848
2500,3000000,0.36988000000000015,1922000,0.3656
2500,3000000,0.36988000000000015,1922500,0.4288
2500,3000000,0.36988000000000015,1923000,0.4648
2500,3000000,0.36988000000000015,1923500,0.4104
2500,3000000,0.36988000000000015,1924000,0.3584
2500,3000000,0.36988000000000015,1924500,0.4188
2500,3000000,0.36988000000000015,1925000,0.396
2500,3000000,0.36988000000000015,1925500,0.392
2500,3000000,0.36988000000000015,1926000,0.3884
2500,3000000,0.36988000000000015,1926500,0.3588
2500,3000000,0.36988000000000015,1927000,0.3412
2500,3000000,0.36988000000000015,1927500,0.3992
2500,3000000,0.36988000000000015,1928000,0.3484
2500,3000000,0.36988000000000015,1928500,0.3308
2500,3000000,0.36988000000000015,1929000,0.3096
2500,3000000,0.36988000000000015,1929500,0.3244
2500,3000000,0.36988000000000015,1930000,0.3872
2500,3000000,0.36988000000000015,1930500,0.3636
2500,3000000,0.36988000000000015,1931000,0.3548
2500,3000000,0.36988000000000015,1931500,0.2896
2500,3000000,0.36988000000000015,1932000,0.318
2500,3000000,0.36988000000000015,1932500,0.292
2500,3000000,0.36988000000000015,1933000,0.2792
2500,3000000,0.36988000000000015,1933500,0.322
2500,3000000,0.36988000000000015,1934000,0.3496
2500,3000000,0.36988000000000015,1934500,0.2896
2500,3000000,0.36988000000000015,1935000,0.2904
2500,3000000,0.36988000000000015,1935500,0.2532
2500,3000000,0.36988000000000015,1936000,0.2468
2500,3000000,0.36988000000000015,1936500,0.3048
2500,3000000,0.36988000000000015,1937000,0.3228
2500,3000000,0.36988000000000015,1937500,0.2572
2500,3000000,0.36988000000000015,1938000,0.2676
2500,3000000,0.36988000000000015,1938500,0.3168
2500,3000000,0.36988000000000015,1939000,0.3056
2500,3000000,0.36988000000000015,1939500,0.3096
2500,3000000,0.36988000000000015,1940000,0.2716
2500,3000000,0.36988000000000015,1940500,0.2568
2500,3000000,0.36988000000000015,1941000,0.3224
2500,3000000,0.36988000000000015,1941500,0.2612
2500,3000000,0.36988000000000015,1942000,0.3044
2500,3000000,0.36988000000000015,1942500,0.3176
2500,3000000,0.36988000000000015,1943000,0.3204
2500,3000000,0.36988000000000015,1943500,0.2664
2500,3000000,0.36988000000000015,1944000,0.2356
2500,3000000,0.36988000000000015,1944500,0.2488
2500,3000000,0.36988000000000015,1945000,0.2096
2500,3000000,0.36988000000000015,1945500,0.2284
2500,3000000,0.36988000000000015,1946000,0.328
2500,3000000,0.36988000000000015,1946500,0.3124
2500,3000000,0.36988000000000015,1947000,0.3076
2500,3000000,0.36988000000000015,1947500,0.3116
2500,3000000,0.36988000000000015,1948000,0.2948
2500,3000000,0.36988000000000015,1948500,0.3168
2500,3000000,0.36988000000000015,1949000,0.2544
2500,3000000,0.36988000000000015,1949500,0.2972
2500,3000000,0.36988000000000015,1950000,0.29
2500,3000000,0.36988000000000015,1950500,0.322
2500,3000000,0.36988000000000015,1951000,0.334
2500,3000000,0.36988000000000015,1951500,0.344
2500,3000000,0.36988000000000015,1952000,0.2892
2500,3000000,0.36988000000000015,1952500,0.2552
2500,3000000,0.36988000000000015,1953000,0.2996
2500,3000000,0.36988000000000015,1953500,0.2932
2500,3000000,0.36988000000000015,1954000,0.2816
2500,3000000,0.36988000000000015,1954500,0.3144
2500,3000000,0.36988000000000015,1955000,0.304
2500,3000000,0.36988000000000015,1955500,0.2904
2500,3000000,0.36988000000000015,1956000,0.3232
2500,3000000,0.36988000000000015,1956500,0.2736
2500,3000000,0.36988000000000015,1957000,0.2748
2500,3000000,0.36988000000000015,1957500,0.2584
2500,3000000,0.36988000000000015,1958000,0.2248
2500,3000000,0.36988000000000015,1958500,0.2696
2500,3000000,0.36988000000000015,1959000,0.3032
2500,3000000,0.36988000000000015,1959500,0.288
2500,3000000,0.36988000000000015,1960000,0.2976
2500,3000000,0.36988000000000015,1960500,0.3312
2500,3000000,0.36988000000000015,1961000,0.326
2500,3000000,0.36988000000000015,1961500,0.3196
2500,3000000,0.36988000000000015,1962000,0.342
2500,3000000,0.36988000000000015,1962500,0.3856
2500,3000000,0.36988000000000015,1963000,0.3552
2500,3000000,0.36988000000000015,1963500,0.2864
2500,3000000,0.36988000000000015,1964000,0.3004
2500,3000000,0.36988000000000015,1964500,0.3172
2500,3000000,0.36988000000000015,1965000,0.356
2500,3000000,0.36988000000000015,1965500,0.3104
2500,3000000,0.36988000000000015,1966000,0.2848
2500,3000000,0.36988000000000015,1966500,0.2692
2500,3000000,0.36988000000000015,1967000,0.29
2500,3000000,0.36988000000000015,1967500,0.3136
2500,3000000,0.36988000000000015,1968000,0.2436
2500,3000000,0.36988000000000015,1968500,0.2196
2500,3000000,0.36988000000000015,1969000,0.2156
2500,3000000,0.36988000000000015,1969500,0.2736
2500,3000000,0.36988000000000015,1970000,0.3604
2500,3000000,0.36988000000000015,1970500,0.3316
2500,3000000,0.36988000000000015,1971000,0.3092
2500,3000000,0.36988000000000015,1971500,0.3224
2500,3000000,0.36988000000000015,1972000,0.3424
2500,3000000,0.36988000000000015,1972500,0.366
2500,3000000,0.36988000000000015,1973000,0.3176
2500,3000000,0.36988000000000015,1973500,0.3196
2500,3000000,0.36988000000000015,1974000,0.352
2500,3000000,0.36988000000000015,1974500,0.4052
2500,3000000,0.36988000000000015,1975000,0.3312
2500,3000000,0.36988000000000015,1975500,0.3304
2500,3000000,0.36988000000000015,1976000,0.3396
2500,3000000,0.36988000000000015,1976500,0.3608
2500,3000000,0.36988000000000015,1977000,0.3648
2500,3000000,0.36988000000000015,1977500,0.3472
2500,3000000,0.36988000000000015,1978000,0.3392
2500,3000000,0.36988000000000015,1978500,0.3924
2500,3000000,0.36988000000000015,1979000,0.35
2500,3000000,0.36988000000000015,1979500,0.3384
2500,3000000,0.36988000000000015,1980000,0.3568
2500,3000000,0.36988000000000015,1980500,0.3292
2500,3000000,0.36988000000000015,1981000,0.3172
2500,3000000,0.36988000000000015,1981500,0.3648
2500,3000000,0.36988000000000015,1982000,0.2828
2500,3000000,0.36988000000000015,1982500,0.2872
2500,3000000,0.36988000000000015,1983000,0.3492
2500,3000000,0.36988000000000015,1983500,0.3464
2500,3000000,0.36988000000000015,1984000,0.3392
2500,3000000,0.36988000000000015,1984500,0.3104
2500,3000000,0.36988000000000015,1985000,0.3232
2500,3000000,0.36988000000000015,1985500,0.3176
2500,3000000,0.36988000000000015,1986000,0.246
2500,3000000,0.36988000000000015,1986500,0.284
2500,3000000,0.36988000000000015,1987000,0.3208
2500,3000000,0.36988000000000015,1987500,0.316
2500,3000000,0.36988000000000015,1988000,0.3068
2500,3000000,0.36988000000000015,1988500,0.3324
2500,3000000,0.36988000000000015,1989000,0.3328
2500,3000000,0.36988000000000015,1989500,0.2832
2500,3000000,0.36988000000000015,1990000,0.3016
2500,3000000,0.36988000000000015,1990500,0.2828
2500,3000000,0.36988000000000015,1991000,0.3028
2500,3000000,0.36988000000000015,1991500,0.3536
2500,3000000,0.36988000000000015,1992000,0.3172
2500,3000000,0.36988000000000015,1992500,0.2548
2500,3000000,0.36988000000000015,1993000,0.2796
2500,3000000,0.36988000000000015,1993500,0.3212
2500,3000000,0.36988000000000015,1994000,0.2556
2500,3000000,0.36988000000000015,1994500,0.2168
2500,3000000,0.36988000000000015,1995000,0.2456
2500,3000000,0.36988000000000015,1995500,0.2784
2500,3000000,0.36988000000000015,1996000,0.2904
2500,3000000,0.36988000000000015,1996500,0.2852
2500,3000000,0.36988000000000015,1997000,0.3032
2500,3000000,0.36988000000000015,1997500,0.3356
2500,3000000,0.36988000000000015,1998000,0.322
2500,3000000,0.36988000000000015,1998500,0.3068
2500,3000000,0.36988000000000015,1999000,0.2796
2500,3000000,0.36988000000000015,1999500,0.3276
2500,3000000,0.36988000000000015,2000000,0.316
2500,3000000,0.36988000000000015,2000500,0.3468
2500,3000000,0.36988000000000015,2001000,0.3704
2500,3000000,0.36988000000000015,2001500,0.2884
2500,3000000,0.36988000000000015,2002000,0.3332
2500,3000000,0.36988000000000015,2002500,0.31
2500,3000000,0.36988000000000015,2003000,0.3084
2500,3000000,0.36988000000000015,2003500,0.3396
2500,3000000,0.36988000000000015,2004000,0.3356
2500,3000000,0.36988000000000015,2004500,0.348
2500,3000000,0.36988000000000015,2005000,0.336
2500,3000000,0.36988000000000015,2005500,0.274
2500,3000000,0.36988000000000015,2006000,0.2576
2500,3000000,0.36988000000000015,2006500,0.3168
2500,3000000,0.36988000000000015,2007000,0.3348
2500,3000000,0.36988000000000015,2007500,0.306
2500,3000000,0.36988000000000015,2008000,0.278
2500,3000000,0.36988000000000015,2008500,0.3224
2500,3000000,0.36988000000000015,2009000,0.3484
2500,3000000,0.36988000000000015,2009500,0.34
2500,3000000,0.36988000000000015,2010000,0.364
2500,3000000,0.36988000000000015,2010500,0.3364
2500,3000000,0.36988000000000015,2011000,0.368
2500,3000000,0.36988000000000015,2011500,0.3764
2500,3000000,0.36988000000000015,2012000,0.35
2500,3000000,0.36988000000000015,2012500,0.3536
2500,3000000,0.36988000000000015,2013000,0.3768
2500,3000000,0.36988000000000015,2013500,0.3512
2500,3000000,0.36988000000000015,2014000,0.3736
2500,3000000,0.36988000000000015,2014500,0.3816
2500,3000000,0.36988000000000015,2015000,0.3876
2500,3000000,0.36988000000000015,2015500,0.3708
2500,3000000,0.36988000000000015,2016000,0.4004
2500,3000000,0.36988000000000015,2016500,0.4488
2500,3000000,0.36988000000000015,2017000,0.4456
2500,3000000,0.36988000000000015,2017500,0.3324
2500,3000000,0.36988000000000015,2018000,0.3992
2500,3000000,0.36988000000000015,2018500,0.3796
2500,3000000,0.36988000000000015,2019000,0.4056
2500,3000000,0.36988000000000015,2019500,0.4428
2500,3000000,0.36988000000000015,2020000,0.4152
2500,3000000,0.36988000000000015,2020500,0.4184
2500,3000000,0.36988000000000015,2021000,0.4284
2500,3000000,0.36988000000000015,2021500,0.4372
2500,3000000,0.36988000000000015,2022000,0.3788
2500,3000000,0.36988000000000015,2022500,0.3688
2500,3000000,0.36988000000000015,2023000,0.3916
2500,3000000,0.36988000000000015,2023500,0.326
2500,3000000,0.36988000000000015,2024000,0.3308
2500,3000000,0.36988000000000015,2024500,0.3244
2500,3000000,0.36988000000000015,2025000,0.3496
2500,3000000,0.36988000000000015,2025500,0.3472
2500,3000000,0.36988000000000015,2026000,0.3472
2500,3000000,0.36988000000000015,2026500,0.346
2500,3000000,0.36988000000000015,2027000,0.318
2500,3000000,0.36988000000000015,2027500,0.2804
2500,3000000,0.36988000000000015,2028000,0.3256
2500,3000000,0.36988000000000015,2028500,0.3204
2500,3000000,0.36988000000000015,2029000,0.298
2500,3000000,0.36988000000000015,2029500,0.3328
2500,3000000,0.36988000000000015,2030000,0.346
2500,3000000,0.36988000000000015,2030500,0.304
2500,3000000,0.36988000000000015,2031000,0.2684
2500,3000000,0.36988000000000015,2031500,0.2396
2500,3000000,0.36988000000000015,2032000,0.236
2500,3000000,0.36988000000000015,2032500,0.22
2500,3000000,0.36988000000000015,2033000,0.2528
2500,3000000,0.36988000000000015,2033500,0.2376
2500,3000000,0.36988000000000015,2034000,0.2936
2500,3000000,0.36988000000000015,2034500,0.2808
2500,3000000,0.36988000000000015,2035000,0.3092
2500,3000000,0.36988000000000015,2035500,0.3252
2500,3000000,0.36988000000000015,2036000,0.2692
2500,3000000,0.36988000000000015,2036500,0.2752
2500,3000000,0.36988000000000015,2037000,0.356
2500,3000000,0.36988000000000015,2037500,0.2644
2500,3000000,0.36988000000000015,2038000,0.2624
2500,3000000,0.36988000000000015,2038500,0.354
2500,3000000,0.36988000000000015,2039000,0.2772
2500,3000000,0.36988000000000015,2039500,0.302
2500,3000000,0.36988000000000015,2040000,0.296
2500,3000000,0.36988000000000015,2040500,0.2872
2500,3000000,0.36988000000000015,2041000,0.28
2500,3000000,0.36988000000000015,2041500,0.2704
2500,3000000,0.36988000000000015,2042000,0.254
2500,3000000,0.36988000000000015,2042500,0.2064
2500,3000000,0.36988000000000015,2043000,0.2652
2500,3000000,0.36988000000000015,2043500,0.2276
2500,3000000,0.36988000000000015,2044000,0.248
2500,3000000,0.36988000000000015,2044500,0.2228
2500,3000000,0.36988000000000015,2045000,0.22
2500,3000000,0.36988000000000015,2045500,0.2328
2500,3000000,0.36988000000000015,2046000,0.1852
2500,3000000,0.36988000000000015,2046500,0.1532
2500,3000000,0.36988000000000015,2047000,0.1588
2500,3000000,0.36988000000000015,2047500,0.1352
2500,3000000,0.36988000000000015,2048000,0.152
2500,3000000,0.36988000000000015,2048500,0.1596
2500,3000000,0.36988000000000015,2049000,0.0704
2500,3000000,0.36988000000000015,2049500,0.0644
2500,3000000,0.36988000000000015,2050000,0.0712
2500,3000000,0.36988000000000015,2050500,0.0792
2500,3000000,0.36988000000000015,2051000,0.1064
2500,3000000,0.36988000000000015,2051500,0.1532
2500,3000000,0.36988000000000015,2052000,0.142
2500,3000000,0.36988000000000015,2052500,0.162
2500,3000000,0.36988000000000015,2053000,0.1372
2500,3000000,0.36988000000000015,2053500,0.1692
2500,3000000,0.36988000000000015,2054000,0.1892
2500,3000000,0.36988000000000015,2054500,0.1892
2500,3000000,0.36988000000000015,2055000,0.1692
2500,3000000,0.36988000000000015,2055500,0.1704
2500,3000000,0.36988000000000015,2056000,0.2024
2500,3000000,0.36988000000000015,2056500,0.2192
2500,3000000,0.36988000000000015,2057000,0.1944
2500,3000000,0.36988000000000015,2057500,0.1956
2500,3000000,0.36988000000000015,2058000,0.1932
2500,3000000,0.36988000000000015,2058500,0.212
2500,3000000,0.36988000000000015,2059000,0.2252
2500,3000000,0.36988000000000015,2059500,0.2576
2500,3000000,0.36988000000000015,2060000,0.2728
2500,3000000,0.36988000000000015,2060500,0.2192
2500,3000000,0.36988000000000015,2061000,0.2324
2500,3000000,0.36988000000000015,2061500,0.2068
2500,3000000,0.36988000000000015,2062000,0.1572
2500,3000000,0.36988000000000015,2062500,0.1964
2500,3000000,0.36988000000000015,2063000,0.18
2500,3000000,0.36988000000000015,2063500,0.1572
2500,3000000,0.36988000000000015,2064000,0.2176
2500,3000000,0.36988000000000015,2064500,0.194
2500,3000000,0.36988000000000015,2065000,0.18
2500,3000000,0.36988000000000015,2065500,0.1608
2500,3000000,0.36988000000000015,2066000,0.1796
2500,3000000,0.36988000000000015,2066500,0.2156
2500,3000000,0.36988000000000015,2067000,0.1904
2500,3000000,0.36988000000000015,2067500,0.1636
2500,3000000,0.36988000000000015,2068000,0.172
2500,3000000,0.36988000000000015,2068500,0.2124
2500,3000000,0.36988000000000015,2069000,0.1932
2500,3000000,0.36988000000000015,2069500,0.176
2500,3000000,0.36988000000000015,2070000,0.2192
2500,3000000,0.36988000000000015,2070500,0.1628
2500,3000000,0.36988000000000015,2071000,0.2032
2500,3000000,0.36988000000000015,2071500,0.1872
2500,3000000,0.36988000000000015,2072000,0.1956
2500,3000000,0.36988000000000015,2072500,0.1728
2500,3000000,0.36988000000000015,2073000,0.1544
2500,3000000,0.36988000000000015,2073500,0.124
2500,3000000,0.36988000000000015,2074000,0.1704
2500,3000000,0.36988000000000015,2074500,0.1712
2500,3000000,0.36988000000000015,2075000,0.2124
2500,3000000,0.36988000000000015,2075500,0.1676
2500,3000000,0.36988000000000015,2076000,0.1676
2500,3000000,0.36988000000000015,2076500,0.1684
2500,3000000,0.36988000000000015,2077000,0.164
2500,3000000,0.36988000000000015,2077500,0.1752
2500,3000000,0.36988000000000015,2078000,0.2168
2500,3000000,0.36988000000000015,2078500,0.216
2500,3000000,0.36988000000000015,2079000,0.1496
2500,3000000,0.36988000000000015,2079500,0.2088
2500,3000000,0.36988000000000015,2080000,0.2704
2500,3000000,0.36988000000000015,2080500,0.2184
2500,3000000,0.36988000000000015,2081000,0.1816
2500,3000000,0.36988000000000015,2081500,0.1716
2500,3000000,0.36988000000000015,2082000,0.1824
2500,3000000,0.36988000000000015,2082500,0.1972
2500,3000000,0.36988000000000015,2083000,0.1872
2500,3000000,0.36988000000000015,2083500,0.1352
2500,3000000,0.36988000000000015,2084000,0.174
2500,3000000,0.36988000000000015,2084500,0.2184
2500,3000000,0.36988000000000015,2085000,0.2412
2500,3000000,0.36988000000000015,2085500,0.1896
2500,3000000,0.36988000000000015,2086000,0.2148
2500,3000000,0.36988000000000015,2086500,0.1924
2500,3000000,0.36988000000000015,2087000,0.276
2500,3000000,0.36988000000000015,2087500,0.2412
2500,3000000,0.36988000000000015,2088000,0.2088
2500,3000000,0.36988000000000015,2088500,0.1928
2500,3000000,0.36988000000000015,2089000,0.2436
2500,3000000,0.36988000000000015,2089500,0.2524
2500,3000000,0.36988000000000015,2090000,0.2472
2500,3000000,0.36988000000000015,2090500,0.2692
2500,3000000,0.36988000000000015,2091000,0.2452
2500,3000000,0.36988000000000015,2091500,0.2196
2500,3000000,0.36988000000000015,2092000,0.1928
2500,3000000,0.36988000000000015,2092500,0.2592
2500,3000000,0.36988000000000015,2093000,0.2488
2500,3000000,0.36988000000000015,2093500,0.2604
2500,3000000,0.36988000000000015,2094000,0.2232
2500,3000000,0.36988000000000015,2094500,0.2576
2500,3000000,0.36988000000000015,2095000,0.2256
2500,3000000,0.36988000000000015,2095500,0.2588
2500,3000000,0.36988000000000015,2096000,0.24
2500,3000000,0.36988000000000015,2096500,0.2408
2500,3000000,0.36988000000000015,2097000,0.2232
2500,3000000,0.36988000000000015,2097500,0.2484
2500,3000000,0.36988000000000015,2098000,0.218
2500,3000000,0.36988000000000015,2098500,0.256
2500,3000000,0.36988000000000015,2099000,0.2824
2500,3000000,0.36988000000000015,2099500,0.2924
2500,3000000,0.36988000000000015,2100000,0.3012
2500,3000000,0.36988000000000015,2100500,0.33
2500,3000000,0.36988000000000015,2101000,0.308
2500,3000000,0.36988000000000015,2101500,0.232
2500,3000000,0.36988000000000015,2102000,0.2728
2500,3000000,0.36988000000000015,2102500,0.246
2500,3000000,0.36988000000000015,2103000,0.3096
2500,3000000,0.36988000000000015,2103500,0.2248
2500,3000000,0.36988000000000015,2104000,0.2352
2500,3000000,0.36988000000000015,2104500,0.256
2500,3000000,0.36988000000000015,2105000,0.216
2500,3000000,0.36988000000000015,2105500,0.1952
2500,3000000,0.36988000000000015,2106000,0.1732
2500,3000000,0.36988000000000015,2106500,0.1992
2500,3000000,0.36988000000000015,2107000,0.1804
2500,3000000,0.36988000000000015,2107500,0.2012
2500,3000000,0.36988000000000015,2108000,0.186
2500,3000000,0.36988000000000015,2108500,0.1832
2500,3000000,0.36988000000000015,2109000,0.21
2500,3000000,0.36988000000000015,2109500,0.2252
2500,3000000,0.36988000000000015,2110000,0.2612
2500,3000000,0.36988000000000015,2110500,0.228
2500,3000000,0.36988000000000015,2111000,0.1996
2500,3000000,0.36988000000000015,2111500,0.2112
2500,3000000,0.36988000000000015,2112000,0.2536
2500,3000000,0.36988000000000015,2112500,0.2408
2500,3000000,0.36988000000000015,2113000,0.2808
2500,3000000,0.36988000000000015,2113500,0.3092
2500,3000000,0.36988000000000015,2114000,0.224
2500,3000000,0.36988000000000015,2114500,0.292
2500,3000000,0.36988000000000015,2115000,0.2828
2500,3000000,0.36988000000000015,2115500,0.33
2500,3000000,0.36988000000000015,2116000,0.2708
2500,3000000,0.36988000000000015,2116500,0.2656
2500,3000000,0.36988000000000015,2117000,0.2728
2500,3000000,0.36988000000000015,2117500,0.2596
2500,3000000,0.36988000000000015,2118000,0.2172
2500,3000000,0.36988000000000015,2118500,0.218
2500,3000000,0.36988000000000015,2119000,0.1888
2500,3000000,0.36988000000000015,2119500,0.172
2500,3000000,0.36988000000000015,2120000,0.2264
2500,3000000,0.36988000000000015,2120500,0.2712
2500,3000000,0.36988000000000015,2121000,0.2608
2500,3000000,0.36988000000000015,2121500,0.256
2500,3000000,0.36988000000000015,2122000,0.214
2500,3000000,0.36988000000000015,2122500,0.232
2500,3000000,0.36988000000000015,2123000,0.1996
2500,3000000,0.36988000000000015,2123500,0.1972
2500,3000000,0.36988000000000015,2124000,0.1956
2500,3000000,0.36988000000000015,2124500,0.214
2500,3000000,0.36988000000000015,2125000,0.2268
2500,3000000,0.36988000000000015,2125500,0.204
2500,3000000,0.36988000000000015,2126000,0.2128
2500,3000000,0.36988000000000015,2126500,0.178
2500,3000000,0.36988000000000015,2127000,0.1532
2500,3000000,0.36988000000000015,2127500,0.1612
2500,3000000,0.36988000000000015,2128000,0.1796
2500,3000000,0.36988000000000015,2128500,0.196
2500,3000000,0.36988000000000015,2129000,0.2052
2500,3000000,0.36988000000000015,2129500,0.1972
2500,3000000,0.36988000000000015,2130000,0.186
2500,3000000,0.36988000000000015,2130500,0.1576
2500,3000000,0.36988000000000015,2131000,0.196
2500,3000000,0.36988000000000015,2131500,0.1848
2500,3000000,0.36988000000000015,2132000,0.2464
2500,3000000,0.36988000000000015,2132500,0.2192
2500,3000000,0.36988000000000015,2133000,0.2076
2500,3000000,0.36988000000000015,2133500,0.2252
2500,3000000,0.36988000000000015,2134000,0.2436
2500,3000000,0.36988000000000015,2134500,0.2496
2500,3000000,0.36988000000000015,2135000,0.2028
2500,3000000,0.36988000000000015,2135500,0.2124
2500,3000000,0.36988000000000015,2136000,0.2104
2500,3000000,0.36988000000000015,2136500,0.1924
2500,3000000,0.36988000000000015,2137000,0.2
2500,3000000,0.36988000000000015,2137500,0.222
2500,3000000,0.36988000000000015,2138000,0.2208
2500,3000000,0.36988000000000015,2138500,0.2144
2500,3000000,0.36988000000000015,2139000,0.1852
2500,3000000,0.36988000000000015,2139500,0.1744
2500,3000000,0.36988000000000015,2140000,0.1792
2500,3000000,0.36988000000000015,2140500,0.2328
2500,3000000,0.36988000000000015,2141000,0.2756
2500,3000000,0.36988000000000015,2141500,0.2044
2500,3000000,0.36988000000000015,2142000,0.1828
2500,3000000,0.36988000000000015,2142500,0.2384
2500,3000000,0.36988000000000015,2143000,0.2548
2500,3000000,0.36988000000000015,2143500,0.292
2500,3000000,0.36988000000000015,2144000,0.2484
2500,3000000,0.36988000000000015,2144500,0.2688
2500,3000000,0.36988000000000015,2145000,0.244
2500,3000000,0.36988000000000015,2145500,0.2324
2500,3000000,0.36988000000000015,2146000,0.2596
2500,3000000,0.36988000000000015,2146500,0.2604
2500,3000000,0.36988000000000015,2147000,0.2292
2500,3000000,0.36988000000000015,2147500,0.2468
2500,3000000,0.36988000000000015,2148000,0.2124
2500,3000000,0.36988000000000015,2148500,0.1996
2500,3000000,0.36988000000000015,2149000,0.23
2500,3000000,0.36988000000000015,2149500,0.2644
2500,3000000,0.36988000000000015,2150000,0.2644
2500,3000000,0.36988000000000015,2150500,0.1988
2500,3000000,0.36988000000000015,2151000,0.2048
2500,3000000,0.36988000000000015,2151500,0.228
2500,3000000,0.36988000000000015,2152000,0.1944
2500,3000000,0.36988000000000015,2152500,0.212
2500,3000000,0.36988000000000015,2153000,0.2188
2500,3000000,0.36988000000000015,2153500,0.2204
2500,3000000,0.36988000000000015,2154000,0.1516
2500,3000000,0.36988000000000015,2154500,0.2128
2500,3000000,0.36988000000000015,2155000,0.1856
2500,3000000,0.36988000000000015,2155500,0.2
2500,3000000,0.36988000000000015,2156000,0.208
2500,3000000,0.36988000000000015,2156500,0.2172
2500,3000000,0.36988000000000015,2157000,0.2588
2500,3000000,0.36988000000000015,2157500,0.334
2500,3000000,0.36988000000000015,2158000,0.3128
2500,3000000,0.36988000000000015,2158500,0.3256
2500,3000000,0.36988000000000015,2159000,0.4052
2500,3000000,0.36988000000000015,2159500,0.3244
2500,3000000,0.36988000000000015,2160000,0.37
2500,3000000,0.36988000000000015,2160500,0.414
2500,3000000,0.36988000000000015,2161000,0.3324
2500,3000000,0.36988000000000015,2161500,0.2908
2500,3000000,0.36988000000000015,2162000,0.3264
2500,3000000,0.36988000000000015,2162500,0.3876
2500,3000000,0.36988000000000015,2163000,0.3552
2500,3000000,0.36988000000000015,2163500,0.3432
2500,3000000,0.36988000000000015,2164000,0.3572
2500,3000000,0.36988000000000015,2164500,0.3264
2500,3000000,0.36988000000000015,2165000,0.398
2500,3000000,0.36988000000000015,2165500,0.3352
2500,3000000,0.36988000000000015,2166000,0.256
2500,3000000,0.36988000000000015,2166500,0.2968
2500,3000000,0.36988000000000015,2167000,0.248
2500,3000000,0.36988000000000015,2167500,0.2548
2500,3000000,0.36988000000000015,2168000,0.2552
2500,3000000,0.36988000000000015,2168500,0.266
2500,3000000,0.36988000000000015,2169000,0.2904
2500,3000000,0.36988000000000015,2169500,0.2504
2500,3000000,0.36988000000000015,2170000,0.2516
2500,3000000,0.36988000000000015,2170500,0.2316
2500,3000000,0.36988000000000015,2171000,0.2756
2500,3000000,0.36988000000000015,2171500,0.2324
2500,3000000,0.36988000000000015,2172000,0.1468
2500,3000000,0.36988000000000015,2172500,0.2224
2500,3000000,0.36988000000000015,2173000,0.2308
2500,3000000,0.36988000000000015,2173500,0.1912
2500,3000000,0.36988000000000015,2174000,0.2072
2500,3000000,0.36988000000000015,2174500,0.2176
2500,3000000,0.36988000000000015,2175000,0.2508
2500,3000000,0.36988000000000015,2175500,0.1504
2500,3000000,0.36988000000000015,2176000,0.1216
2500,3000000,0.36988000000000015,2176500,0.1332
2500,3000000,0.36988000000000015,2177000,0.1504
2500,3000000,0.36988000000000015,2177500,0.154
2500,3000000,0.36988000000000015,2178000,0.1168
2500,3000000,0.36988000000000015,2178500,0.1452
2500,3000000,0.36988000000000015,2179000,0.166
2500,3000000,0.36988000000000015,2179500,0.1504
2500,3000000,0.36988000000000015,2180000,0.1128
2500,3000000,0.36988000000000015,2180500,0.1432
2500,3000000,0.36988000000000015,2181000,0.1692
2500,3000000,0.36988000000000015,2181500,0.1448
2500,3000000,0.36988000000000015,2182000,0.1288
2500,3000000,0.36988000000000015,2182500,0.1392
2500,3000000,0.36988000000000015,2183000,0.16
2500,3000000,0.36988000000000015,2183500,0.1504
2500,3000000,0.36988000000000015,2184000,0.156
2500,3000000,0.36988000000000015,2184500,0.128
2500,3000000,0.36988000000000015,2185000,0.0912
2500,3000000,0.36988000000000015,2185500,0.1224
2500,3000000,0.36988000000000015,2186000,0.0912
2500,3000000,0.36988000000000015,2186500,0.1012
2500,3000000,0.36988000000000015,2187000,0.0996
2500,3000000,0.36988000000000015,2187500,0.1436
2500,3000000,0.36988000000000015,2188000,0.1548
2500,3000000,0.36988000000000015,2188500,0.1984
2500,3000000,0.36988000000000015,2189000,0.1856
2500,3000000,0.36988000000000015,2189500,0.1852
2500,3000000,0.36988000000000015,2190000,0.2212
2500,3000000,0.36988000000000015,2190500,0.2112
2500,3000000,0.36988000000000015,2191000,0.2844
2500,3000000,0.36988000000000015,2191500,0.2476
2500,3000000,0.36988000000000015,2192000,0.2692
2500,3000000,0.36988000000000015,2192500,0.1816
2500,3000000,0.36988000000000015,2193000,0.2516
2500,3000000,0.36988000000000015,2193500,0.1928
2500,3000000,0.36988000000000015,2194000,0.2116
2500,3000000,0.36988000000000015,2194500,0.2268
2500,3000000,0.36988000000000015,2195000,0.2588
2500,3000000,0.36988000000000015,2195500,0.2596
2500,3000000,0.36988000000000015,2196000,0.2924
2500,3000000,0.36988000000000015,2196500,0.2752
2500,3000000,0.36988000000000015,2197000,0.264
2500,3000000,0.36988000000000015,2197500,0.2132
2500,3000000,0.36988000000000015,2198000,0.268
2500,3000000,0.36988000000000015,2198500,0.2768
2500,3000000,0.36988000000000015,2199000,0.3024
2500,3000000,0.36988000000000015,2199500,0.3404
2500,3000000,0.36988000000000015,2200000,0.3096
2500,3000000,0.36988000000000015,2200500,0.3164
2500,3000000,0.36988000000000015,2201000,0.3048
2500,3000000,0.36988000000000015,2201500,0.3388
2500,3000000,0.36988000000000015,2202000,0.3852
2500,3000000,0.36988000000000015,2202500,0.338
2500,3000000,0.36988000000000015,2203000,0.3188
2500,3000000,0.36988000000000015,2203500,0.3556
2500,3000000,0.36988000000000015,2204000,0.282
2500,3000000,0.36988000000000015,2204500,0.342
2500,3000000,0.36988000000000015,2205000,0.3208
2500,3000000,0.36988000000000015,2205500,0.286
2500,3000000,0.36988000000000015,2206000,0.3176
2500,3000000,0.36988000000000015,2206500,0.4216
2500,3000000,0.36988000000000015,2207000,0.3324
2500,3000000,0.36988000000000015,2207500,0.2788
2500,3000000,0.36988000000000015,2208000,0.4036
2500,3000000,0.36988000000000015,2208500,0.3984
2500,3000000,0.36988000000000015,2209000,0.3564
2500,3000000,0.36988000000000015,2209500,0.4156
2500,3000000,0.36988000000000015,2210000,0.3956
2500,3000000,0.36988000000000015,2210500,0.4396
2500,3000000,0.36988000000000015,2211000,0.388
2500,3000000,0.36988000000000015,2211500,0.3508
2500,3000000,0.36988000000000015,2212000,0.3128
2500,3000000,0.36988000000000015,2212500,0.3588
2500,3000000,0.36988000000000015,2213000,0.3396
2500,3000000,0.36988000000000015,2213500,0.3112
2500,3000000,0.36988000000000015,2214000,0.2848
2500,3000000,0.36988000000000015,2214500,0.2904
2500,3000000,0.36988000000000015,2215000,0.3124
2500,3000000,0.36988000000000015,2215500,0.2888
2500,3000000,0.36988000000000015,2216000,0.2692
2500,3000000,0.36988000000000015,2216500,0.2736
2500,3000000,0.36988000000000015,2217000,0.306
2500,3000000,0.36988000000000015,2217500,0.3556
2500,3000000,0.36988000000000015,2218000,0.3352
2500,3000000,0.36988000000000015,2218500,0.286
2500,3000000,0.36988000000000015,2219000,0.3124
2500,3000000,0.36988000000000015,2219500,0.3284
2500,3000000,0.36988000000000015,2220000,0.3232
2500,3000000,0.36988000000000015,2220500,0.2716
2500,3000000,0.36988000000000015,2221000,0.3032
2500,3000000,0.36988000000000015,2221500,0.3056
2500,3000000,0.36988000000000015,2222000,0.2984
2500,3000000,0.36988000000000015,2222500,0.2928
2500,3000000,0.36988000000000015,2223000,0.2568
2500,3000000,0.36988000000000015,2223500,0.3
2500,3000000,0.36988000000000015,2224000,0.2928
2500,3000000,0.36988000000000015,2224500,0.3
2500,3000000,0.36988000000000015,2225000,0.288
2500,3000000,0.36988000000000015,2225500,0.3036
2500,3000000,0.36988000000000015,2226000,0.3412
2500,3000000,0.36988000000000015,2226500,0.3412
2500,3000000,0.36988000000000015,2227000,0.324
2500,3000000,0.36988000000000015,2227500,0.3596
2500,3000000,0.36988000000000015,2228000,0.3772
2500,3000000,0.36988000000000015,2228500,0.286
2500,3000000,0.36988000000000015,2229000,0.3688
2500,3000000,0.36988000000000015,2229500,0.3332
2500,3000000,0.36988000000000015,2230000,0.2744
2500,3000000,0.36988000000000015,2230500,0.2656
2500,3000000,0.36988000000000015,2231000,0.3536
2500,3000000,0.36988000000000015,2231500,0.3468
2500,3000000,0.36988000000000015,2232000,0.3604
2500,3000000,0.36988000000000015,2232500,0.3804
2500,3000000,0.36988000000000015,2233000,0.3444
2500,3000000,0.36988000000000015,2233500,0.428
2500,3000000,0.36988000000000015,2234000,0.4028
2500,3000000,0.36988000000000015,2234500,0.3868
2500,3000000,0.36988000000000015,2235000,0.3952
2500,3000000,0.36988000000000015,2235500,0.3356
2500,3000000,0.36988000000000015,2236000,0.3732
2500,3000000,0.36988000000000015,2236500,0.3384
2500,3000000,0.36988000000000015,2237000,0.3732
2500,3000000,0.36988000000000015,2237500,0.4012
2500,3000000,0.36988000000000015,2238000,0.3808
2500,3000000,0.36988000000000015,2238500,0.3296
2500,3000000,0.36988000000000015,2239000,0.3564
2500,3000000,0.36988000000000015,2239500,0.3652
2500,3000000,0.36988000000000015,2240000,0.38
2500,3000000,0.36988000000000015,2240500,0.3716
2500,3000000,0.36988000000000015,2241000,0.4136
2500,3000000,0.36988000000000015,2241500,0.4224
2500,3000000,0.36988000000000015,2242000,0.3708
2500,3000000,0.36988000000000015,2242500,0.2964
2500,3000000,0.36988000000000015,2243000,0.3372
2500,3000000,0.36988000000000015,2243500,0.3752
2500,3000000,0.36988000000000015,2244000,0.3168
2500,3000000,0.36988000000000015,2244500,0.3468
2500,3000000,0.36988000000000015,2245000,0.3728
2500,3000000,0.36988000000000015,2245500,0.3148
2500,3000000,0.36988000000000015,2246000,0.272
2500,3000000,0.36988000000000015,2246500,0.29
2500,3000000,0.36988000000000015,2247000,0.3596
2500,3000000,0.36988000000000015,2247500,0.378
2500,3000000,0.36988000000000015,2248000,0.3416
2500,3000000,0.36988000000000015,2248500,0.3468
2500,3000000,0.36988000000000015,2249000,0.25
2500,3000000,0.36988000000000015,2249500,0.2476
2500,3000000,0.36988000000000015,2250000,0.3172
2500,3000000,0.36988000000000015,2250500,0.2856
2500,3000000,0.36988000000000015,2251000,0.2872
2500,3000000,0.36988000000000015,2251500,0.2924
2500,3000000,0.36988000000000015,2252000,0.2764
2500,3000000,0.36988000000000015,2252500,0.4028
2500,3000000,0.36988000000000015,2253000,0.3104
2500,3000000,0.36988000000000015,2253500,0.31
2500,3000000,0.36988000000000015,2254000,0.372
2500,3000000,0.36988000000000015,2254500,0.3592
2500,3000000,0.36988000000000015,2255000,0.3876
2500,3000000,0.36988000000000015,2255500,0.3908
2500,3000000,0.36988000000000015,2256000,0.3492
2500,3000000,0.36988000000000015,2256500,0.3364
2500,3000000,0.36988000000000015,2257000,0.3436
2500,3000000,0.36988000000000015,2257500,0.3176
2500,3000000,0.36988000000000015,2258000,0.2748
2500,3000000,0.36988000000000015,2258500,0.32
2500,3000000,0.36988000000000015,2259000,0.292
2500,3000000,0.36988000000000015,2259500,0.1968
2500,3000000,0.36988000000000015,2260000,0.2408
2500,3000000,0.36988000000000015,2260500,0.2836
2500,3000000,0.36988000000000015,2261000,0.2932
2500,3000000,0.36988000000000015,2261500,0.3232
2500,3000000,0.36988000000000015,2262000,0.3192
2500,3000000,0.36988000000000015,2262500,0.3208
2500,3000000,0.36988000000000015,2263000,0.3024
2500,3000000,0.36988000000000015,2263500,0.3276
2500,3000000,0.36988000000000015,2264000,0.3848
2500,3000000,0.36988000000000015,2264500,0.3884
2500,3000000,0.36988000000000015,2265000,0.3364
2500,3000000,0.36988000000000015,2265500,0.3332
2500,3000000,0.36988000000000015,2266000,0.304
2500,3000000,0.36988000000000015,2266500,0.2912
2500,3000000,0.36988000000000015,2267000,0.3348
2500,3000000,0.36988000000000015,2267500,0.2688
2500,3000000,0.36988000000000015,2268000,0.2832
2500,3000000,0.36988000000000015,2268500,0.3104
2500,3000000,0.36988000000000015,2269000,0.2948
2500,3000000,0.36988000000000015,2269500,0.3524
2500,3000000,0.36988000000000015,2270000,0.3548
2500,3000000,0.36988000000000015,2270500,0.32
2500,3000000,0.36988000000000015,2271000,0.3976
2500,3000000,0.36988000000000015,2271500,0.3508
2500,3000000,0.36988000000000015,2272000,0.3092
2500,3000000,0.36988000000000015,2272500,0.3432
2500,3000000,0.36988000000000015,2273000,0.3504
2500,3000000,0.36988000000000015,2273500,0.2816
2500,3000000,0.36988000000000015,2274000,0.3248
2500,3000000,0.36988000000000015,2274500,0.3584
2500,3000000,0.36988000000000015,2275000,0.3104
2500,3000000,0.36988000000000015,2275500,0.3468
2500,3000000,0.36988000000000015,2276000,0.2856
2500,3000000,0.36988000000000015,2276500,0.3216
2500,3000000,0.36988000000000015,2277000,0.3472
2500,3000000,0.36988000000000015,2277500,0.32
2500,3000000,0.36988000000000015,2278000,0.2756
2500,3000000,0.36988000000000015,2278500,0.3204
2500,3000000,0.36988000000000015,2279000,0.3456
2500,3000000,0.36988000000000015,2279500,0.3112
2500,3000000,0.36988000000000015,2280000,0.3164
2500,3000000,0.36988000000000015,2280500,0.2876
2500,3000000,0.36988000000000015,2281000,0.3372
2500,3000000,0.36988000000000015,2281500,0.3052
2500,3000000,0.36988000000000015,2282000,0.3016
2500,3000000,0.36988000000000015,2282500,0.336
2500,3000000,0.36988000000000015,2283000,0.4024
2500,3000000,0.36988000000000015,2283500,0.3116
2500,3000000,0.36988000000000015,2284000,0.338
2500,3000000,0.36988000000000015,2284500,0.348
2500,3000000,0.36988000000000015,2285000,0.322
2500,3000000,0.36988000000000015,2285500,0.3376
2500,3000000,0.36988000000000015,2286000,0.3908
2500,3000000,0.36988000000000015,2286500,0.4504
2500,3000000,0.36988000000000015,2287000,0.3908
2500,3000000,0.36988000000000015,2287500,0.386
2500,3000000,0.36988000000000015,2288000,0.3096
2500,3000000,0.36988000000000015,2288500,0.3848
2500,3000000,0.36988000000000015,2289000,0.382
2500,3000000,0.36988000000000015,2289500,0.3364
2500,3000000,0.36988000000000015,2290000,0.3044
2500,3000000,0.36988000000000015,2290500,0.2932
2500,3000000,0.36988000000000015,2291000,0.3172
2500,3000000,0.36988000000000015,2291500,0.3668
2500,3000000,0.36988000000000015,2292000,0.37
2500,3000000,0.36988000000000015,2292500,0.3384
2500,3000000,0.36988000000000015,2293000,0.3572
2500,3000000,0.36988000000000015,2293500,0.2904
2500,3000000,0.36988000000000015,2294000,0.3572
2500,3000000,0.36988000000000015,2294500,0.4152
2500,3000000,0.36988000000000015,2295000,0.4176
2500,3000000,0.36988000000000015,2295500,0.476
2500,3000000,0.36988000000000015,2296000,0.4484
2500,3000000,0.36988000000000015,2296500,0.3776
2500,3000000,0.36988000000000015,2297000,0.4432
2500,3000000,0.36988000000000015,2297500,0.4276
2500,3000000,0.36988000000000015,2298000,0.3152
2500,3000000,0.36988000000000015,2298500,0.264
2500,3000000,0.36988000000000015,2299000,0.3184
2500,3000000,0.36988000000000015,2299500,0.3
2500,3000000,0.36988000000000015,2300000,0.2712
2500,3000000,0.36988000000000015,2300500,0.3152
2500,3000000,0.36988000000000015,2301000,0.344
2500,3000000,0.36988000000000015,2301500,0.3884
2500,3000000,0.36988000000000015,2302000,0.3152
2500,3000000,0.36988000000000015,2302500,0.3164
2500,3000000,0.36988000000000015,2303000,0.246
2500,3000000,0.36988000000000015,2303500,0.356
2500,3000000,0.36988000000000015,2304000,0.4012
2500,3000000,0.36988000000000015,2304500,0.34
2500,3000000,0.36988000000000015,2305000,0.3148
2500,3000000,0.36988000000000015,2305500,0.3216
2500,3000000,0.36988000000000015,2306000,0.2636
2500,3000000,0.36988000000000015,2306500,0.278
2500,3000000,0.36988000000000015,2307000,0.2724
2500,3000000,0.36988000000000015,2307500,0.2964
2500,3000000,0.36988000000000015,2308000,0.3024
2500,3000000,0.36988000000000015,2308500,0.27
2500,3000000,0.36988000000000015,2309000,0.2304
2500,3000000,0.36988000000000015,2309500,0.2628
2500,3000000,0.36988000000000015,2310000,0.2788
2500,3000000,0.36988000000000015,2310500,0.2336
2500,3000000,0.36988000000000015,2311000,0.2436
2500,3000000,0.36988000000000015,2311500,0.2512
2500,3000000,0.36988000000000015,2312000,0.252
2500,3000000,0.36988000000000015,2312500,0.2692
2500,3000000,0.36988000000000015,2313000,0.2268
2500,3000000,0.36988000000000015,2313500,0.2504
2500,3000000,0.36988000000000015,2314000,0.2784
2500,3000000,0.36988000000000015,2314500,0.294
2500,3000000,0.36988000000000015,2315000,0.2812
2500,3000000,0.36988000000000015,2315500,0.2924
2500,3000000,0.36988000000000015,2316000,0.2836
2500,3000000,0.36988000000000015,2316500,0.2764
2500,3000000,0.36988000000000015,2317000,0.2312
2500,3000000,0.36988000000000015,2317500,0.3344
2500,3000000,0.36988000000000015,2318000,0.2768
2500,3000000,0.36988000000000015,2318500,0.2204
2500,3000000,0.36988000000000015,2319000,0.3008
2500,3000000,0.36988000000000015,2319500,0.262
2500,3000000,0.36988000000000015,2320000,0.2464
2500,3000000,0.36988000000000015,2320500,0.2812
2500,3000000,0.36988000000000015,2321000,0.2416
2500,3000000,0.36988000000000015,2321500,0.2368
2500,3000000,0.36988000000000015,2322000,0.2704
2500,3000000,0.36988000000000015,2322500,0.2492
2500,3000000,0.36988000000000015,2323000,0.2748
2500,3000000,0.36988000000000015,2323500,0.3288
2500,3000000,0.36988000000000015,2324000,0.3432
2500,3000000,0.36988000000000015,2324500,0.278
2500,3000000,0.36988000000000015,2325000,0.3152
2500,3000000,0.36988000000000015,2325500,0.3304
2500,3000000,0.36988000000000015,2326000,0.3336
2500,3000000,0.36988000000000015,2326500,0.2968
2500,3000000,0.36988000000000015,2327000,0.3832
2500,3000000,0.36988000000000015,2327500,0.3924
2500,3000000,0.36988000000000015,2328000,0.3476
2500,3000000,0.36988000000000015,2328500,0.3184
2500,3000000,0.36988000000000015,2329000,0.3764
2500,3000000,0.36988000000000015,2329500,0.364
2500,3000000,0.36988000000000015,2330000,0.2556
2500,3000000,0.36988000000000015,2330500,0.2996
2500,3000000,0.36988000000000015,2331000,0.27
2500,3000000,0.36988000000000015,2331500,0.2948
2500,3000000,0.36988000000000015,2332000,0.2688
2500,3000000,0.36988000000000015,2332500,0.2416
2500,3000000,0.36988000000000015,2333000,0.2896
2500,3000000,0.36988000000000015,2333500,0.294
2500,3000000,0.36988000000000015,2334000,0.2656
2500,3000000,0.36988000000000015,2334500,0.2168
2500,3000000,0.36988000000000015,2335000,0.1912
2500,3000000,0.36988000000000015,2335500,0.1976
2500,3000000,0.36988000000000015,2336000,0.2276
2500,3000000,0.36988000000000015,2336500,0.26
2500,3000000,0.36988000000000015,2337000,0.24
2500,3000000,0.36988000000000015,2337500,0.284
2500,3000000,0.36988000000000015,2338000,0.3096
2500,3000000,0.36988000000000015,2338500,0.3212
2500,3000000,0.36988000000000015,2339000,0.2956
2500,3000000,0.36988000000000015,2339500,0.2224
2500,3000000,0.36988000000000015,2340000,0.2568
2500,3000000,0.36988000000000015,2340500,0.2904
2500,3000000,0.36988000000000015,2341000,0.254
2500,3000000,0.36988000000000015,2341500,0.2888
2500,3000000,0.36988000000000015,2342000,0.2908
2500,3000000,0.36988000000000015,2342500,0.3372
2500,3000000,0.36988000000000015,2343000,0.284
2500,3000000,0.36988000000000015,2343500,0.2404
2500,3000000,0.36988000000000015,2344000,0.2608
2500,3000000,0.36988000000000015,2344500,0.2976
2500,3000000,0.36988000000000015,2345000,0.2956
2500,3000000,0.36988000000000015,2345500,0.2584
2500,3000000,0.36988000000000015,2346000,0.2308
2500,3000000,0.36988000000000015,2346500,0.2312
2500,3000000,0.36988000000000015,2347000,0.2656
2500,3000000,0.36988000000000015,2347500,0.324
2500,3000000,0.36988000000000015,2348000,0.2824
2500,3000000,0.36988000000000015,2348500,0.3164
2500,3000000,0.36988000000000015,2349000,0.2312
2500,3000000,0.36988000000000015,2349500,0.2476
2500,3000000,0.36988000000000015,2350000,0.2744
2500,3000000,0.36988000000000015,2350500,0.2084
2500,3000000,0.36988000000000015,2351000,0.2384
2500,3000000,0.36988000000000015,2351500,0.2544
2500,3000000,0.36988000000000015,2352000,0.25
2500,3000000,0.36988000000000015,2352500,0.2444
2500,3000000,0.36988000000000015,2353000,0.2444
2500,3000000,0.36988000000000015,2353500,0.284
2500,3000000,0.36988000000000015,2354000,0.2652
2500,3000000,0.36988000000000015,2354500,0.252
2500,3000000,0.36988000000000015,2355000,0.286
2500,3000000,0.36988000000000015,2355500,0.2156
2500,3000000,0.36988000000000015,2356000,0.2144
2500,3000000,0.36988000000000015,2356500,0.1832
2500,3000000,0.36988000000000015,2357000,0.1896
2500,3000000,0.36988000000000015,2357500,0.2188
2500,3000000,0.36988000000000015,2358000,0.2768
2500,3000000,0.36988000000000015,2358500,0.2208
2500,3000000,0.36988000000000015,2359000,0.276
2500,3000000,0.36988000000000015,2359500,0.2332
2500,3000000,0.36988000000000015,2360000,0.324
2500,3000000,0.36988000000000015,2360500,0.2496
2500,3000000,0.36988000000000015,2361000,0.2616
2500,3000000,0.36988000000000015,2361500,0.1756
2500,3000000,0.36988000000000015,2362000,0.2052
2500,3000000,0.36988000000000015,2362500,0.2576
2500,3000000,0.36988000000000015,2363000,0.1708
2500,3000000,0.36988000000000015,2363500,0.2304
2500,3000000,0.36988000000000015,2364000,0.23
2500,3000000,0.36988000000000015,2364500,0.244
2500,3000000,0.36988000000000015,2365000,0.2472
2500,3000000,0.36988000000000015,2365500,0.2392
2500,3000000,0.36988000000000015,2366000,0.2376
2500,3000000,0.36988000000000015,2366500,0.2308
2500,3000000,0.36988000000000015,2367000,0.2712
2500,3000000,0.36988000000000015,2367500,0.286
2500,3000000,0.36988000000000015,2368000,0.2816
2500,3000000,0.36988000000000015,2368500,0.3148
2500,3000000,0.36988000000000015,2369000,0.2456
2500,3000000,0.36988000000000015,2369500,0.2012
2500,3000000,0.36988000000000015,2370000,0.2468
2500,3000000,0.36988000000000015,2370500,0.2676
2500,3000000,0.36988000000000015,2371000,0.2696
2500,3000000,0.36988000000000015,2371500,0.278
2500,3000000,0.36988000000000015,2372000,0.2992
2500,3000000,0.36988000000000015,2372500,0.2608
2500,3000000,0.36988000000000015,2373000,0.32
2500,3000000,0.36988000000000015,2373500,0.3028
2500,3000000,0.36988000000000015,2374000,0.3188
2500,3000000,0.36988000000000015,2374500,0.3032
2500,3000000,0.36988000000000015,2375000,0.3024
2500,3000000,0.36988000000000015,2375500,0.332
2500,3000000,0.36988000000000015,2376000,0.2796
2500,3000000,0.36988000000000015,2376500,0.2508
2500,3000000,0.36988000000000015,2377000,0.2028
2500,3000000,0.36988000000000015,2377500,0.266
2500,3000000,0.36988000000000015,2378000,0.278
2500,3000000,0.36988000000000015,2378500,0.262
2500,3000000,0.36988000000000015,2379000,0.304
2500,3000000,0.36988000000000015,2379500,0.2528
2500,3000000,0.36988000000000015,2380000,0.2452
2500,3000000,0.36988000000000015,2380500,0.2332
2500,3000000,0.36988000000000015,2381000,0.1564
2500,3000000,0.36988000000000015,2381500,0.1432
2500,3000000,0.36988000000000015,2382000,0.162
2500,3000000,0.36988000000000015,2382500,0.1928
2500,3000000,0.36988000000000015,2383000,0.1748
2500,3000000,0.36988000000000015,2383500,0.1932
2500,3000000,0.36988000000000015,2384000,0.2188
2500,3000000,0.36988000000000015,2384500,0.2212
2500,3000000,0.36988000000000015,2385000,0.2324
2500,3000000,0.36988000000000015,2385500,0.2824
2500,3000000,0.36988000000000015,2386000,0.2604
2500,3000000,0.36988000000000015,2386500,0.222
2500,3000000,0.36988000000000015,2387000,0.1644
2500,3000000,0.36988000000000015,2387500,0.212
2500,3000000,0.36988000000000015,2388000,0.1984
2500,3000000,0.36988000000000015,2388500,0.2364
2500,3000000,0.36988000000000015,2389000,0.2844
2500,3000000,0.36988000000000015,2389500,0.3052
2500,3000000,0.36988000000000015,2390000,0.32
2500,3000000,0.36988000000000015,2390500,0.2812
2500,3000000,0.36988000000000015,2391000,0.242
2500,3000000,0.36988000000000015,2391500,0.2804
2500,3000000,0.36988000000000015,2392000,0.2672
2500,3000000,0.36988000000000015,2392500,0.1856
2500,3000000,0.36988000000000015,2393000,0.2464
2500,3000000,0.36988000000000015,2393500,0.2268
2500,3000000,0.36988000000000015,2394000,0.2184
2500,3000000,0.36988000000000015,2394500,0.2152
2500,3000000,0.36988000000000015,2395000,0.1608
2500,3000000,0.36988000000000015,2395500,0.2316
2500,3000000,0.36988000000000015,2396000,0.2316
2500,3000000,0.36988000000000015,2396500,0.252
2500,3000000,0.36988000000000015,2397000,0.2408
2500,3000000,0.36988000000000015,2397500,0.2268
2500,3000000,0.36988000000000015,2398000,0.2068
2500,3000000,0.36988000000000015,2398500,0.2124
2500,3000000,0.36988000000000015,2399000,0.234
2500,3000000,0.36988000000000015,2399500,0.2544
2500,3000000,0.36988000000000015,2400000,0.2964
2500,3000000,0.36988000000000015,2400500,0.2528
2500,3000000,0.36988000000000015,2401000,0.254
2500,3000000,0.36988000000000015,2401500,0.2624
2500,3000000,0.36988000000000015,2402000,0.2584
2500,3000000,0.36988000000000015,2402500,0.2844
2500,3000000,0.36988000000000015,2403000,0.3444
2500,3000000,0.36988000000000015,2403500,0.3516
2500,3000000,0.36988000000000015,2404000,0.3052
2500,3000000,0.36988000000000015,2404500,0.322
2500,3000000,0.36988000000000015,2405000,0.286
2500,3000000,0.36988000000000015,2405500,0.3212
2500,3000000,0.36988000000000015,2406000,0.2872
2500,3000000,0.36988000000000015,2406500,0.3188
2500,3000000,0.36988000000000015,2407000,0.302
2500,3000000,0.36988000000000015,2407500,0.3432
2500,3000000,0.36988000000000015,2408000,0.2756
2500,3000000,0.36988000000000015,2408500,0.2804
2500,3000000,0.36988000000000015,2409000,0.3204
2500,3000000,0.36988000000000015,2409500,0.3004
2500,3000000,0.36988000000000015,2410000,0.3468
2500,3000000,0.36988000000000015,2410500,0.3332
2500,3000000,0.36988000000000015,2411000,0.35
2500,3000000,0.36988000000000015,2411500,0.294
2500,3000000,0.36988000000000015,2412000,0.2964
2500,3000000,0.36988000000000015,2412500,0.2756
2500,3000000,0.36988000000000015,2413000,0.234
2500,3000000,0.36988000000000015,2413500,0.2592
2500,3000000,0.36988000000000015,2414000,0.2508
2500,3000000,0.36988000000000015,2414500,0.2928
2500,3000000,0.36988000000000015,2415000,0.282
2500,3000000,0.36988000000000015,2415500,0.2368
2500,3000000,0.36988000000000015,2416000,0.2628
2500,3000000,0.36988000000000015,2416500,0.2904
2500,3000000,0.36988000000000015,2417000,0.2628
2500,3000000,0.36988000000000015,2417500,0.2904
2500,3000000,0.36988000000000015,2418000,0.3656
2500,3000000,0.36988000000000015,2418500,0.2988
2500,3000000,0.36988000000000015,2419000,0.2796
2500,3000000,0.36988000000000015,2419500,0.2388
2500,3000000,0.36988000000000015,2420000,0.2788
2500,3000000,0.36988000000000015,2420500,0.2772
2500,3000000,0.36988000000000015,2421000,0.2696
2500,3000000,0.36988000000000015,2421500,0.2908
2500,3000000,0.36988000000000015,2422000,0.2656
2500,3000000,0.36988000000000015,2422500,0.2716
2500,3000000,0.36988000000000015,2423000,0.2552
2500,3000000,0.36988000000000015,2423500,0.2932
2500,3000000,0.36988000000000015,2424000,0.2216
2500,3000000,0.36988000000000015,2424500,0.216
2500,3000000,0.36988000000000015,2425000,0.2196
2500,3000000,0.36988000000000015,2425500,0.2432
2500,3000000,0.36988000000000015,2426000,0.258
2500,3000000,0.36988000000000015,2426500,0.186
2500,3000000,0.36988000000000015,2427000,0.1668
2500,3000000,0.36988000000000015,2427500,0.15
2500,3000000,0.36988000000000015,2428000,0.1656
2500,3000000,0.36988000000000015,2428500,0.1496
2500,3000000,0.36988000000000015,2429000,0.1644
2500,3000000,0.36988000000000015,2429500,0.154
2500,3000000,0.36988000000000015,2430000,0.2264
2500,3000000,0.36988000000000015,2430500,0.2384
2500,3000000,0.36988000000000015,2431000,0.164
2500,3000000,0.36988000000000015,2431500,0.1436
2500,3000000,0.36988000000000015,2432000,0.1456
2500,3000000,0.36988000000000015,2432500,0.1676
2500,3000000,0.36988000000000015,2433000,0.19
2500,3000000,0.36988000000000015,2433500,0.1864
2500,3000000,0.36988000000000015,2434000,0.1468
2500,3000000,0.36988000000000015,2434500,0.136
2500,3000000,0.36988000000000015,2435000,0.1488
2500,3000000,0.36988000000000015,2435500,0.152
2500,3000000,0.36988000000000015,2436000,0.1668
2500,3000000,0.36988000000000015,2436500,0.2004
2500,3000000,0.36988000000000015,2437000,0.2096
2500,3000000,0.36988000000000015,2437500,0.1884
2500,3000000,0.36988000000000015,2438000,0.1736
2500,3000000,0.36988000000000015,2438500,0.1724
2500,3000000,0.36988000000000015,2439000,0.132
2500,3000000,0.36988000000000015,2439500,0.1596
2500,3000000,0.36988000000000015,2440000,0.1852
2500,3000000,0.36988000000000015,2440500,0.1788
2500,3000000,0.36988000000000015,2441000,0.1928
2500,3000000,0.36988000000000015,2441500,0.164
2500,3000000,0.36988000000000015,2442000,0.1988
2500,3000000,0.36988000000000015,2442500,0.2016
2500,3000000,0.36988000000000015,2443000,0.1676
2500,3000000,0.36988000000000015,2443500,0.1504
2500,3000000,0.36988000000000015,2444000,0.2092
2500,3000000,0.36988000000000015,2444500,0.1736
2500,3000000,0.36988000000000015,2445000,0.1484
2500,3000000,0.36988000000000015,2445500,0.118
2500,3000000,0.36988000000000015,2446000,0.1084
2500,3000000,0.36988000000000015,2446500,0.116
2500,3000000,0.36988000000000015,2447000,0.138
2500,3000000,0.36988000000000015,2447500,0.16
2500,3000000,0.36988000000000015,2448000,0.1764
2500,3000000,0.36988000000000015,2448500,0.1548
2500,3000000,0.36988000000000015,2449000,0.18
2500,3000000,0.36988000000000015,2449500,0.1872
2500,3000000,0.36988000000000015,2450000,0.1652
2500,3000000,0.36988000000000015,2450500,0.2224
2500,3000000,0.36988000000000015,2451000,0.1496
2500,3000000,0.36988000000000015,2451500,0.1556
2500,3000000,0.36988000000000015,2452000,0.1524
2500,3000000,0.36988000000000015,2452500,0.102
2500,3000000,0.36988000000000015,2453000,0.1436
2500,3000000,0.36988000000000015,2453500,0.1608
2500,3000000,0.36988000000000015,2454000,0.1432
2500,3000000,0.36988000000000015,2454500,0.1784
2500,3000000,0.36988000000000015,2455000,0.206
2500,3000000,0.36988000000000015,2455500,0.1908
2500,3000000,0.36988000000000015,2456000,0.1708
2500,3000000,0.36988000000000015,2456500,0.1628
2500,3000000,0.36988000000000015,2457000,0.1776
2500,3000000,0.36988000000000015,2457500,0.1716
2500,3000000,0.36988000000000015,2458000,0.188
2500,3000000,0.36988000000000015,2458500,0.1952
2500,3000000,0.36988000000000015,2459000,0.182
2500,3000000,0.36988000000000015,2459500,0.1756
2500,3000000,0.36988000000000015,2460000,0.1968
2500,3000000,0.36988000000000015,2460500,0.164
2500,3000000,0.36988000000000015,2461000,0.1388
2500,3000000,0.36988000000000015,2461500,0.1464
2500,3000000,0.36988000000000015,2462000,0.1244
2500,3000000,0.36988000000000015,2462500,0.1292
2500,3000000,0.36988000000000015,2463000,0.1312
2500,3000000,0.36988000000000015,2463500,0.164
2500,3000000,0.36988000000000015,2464000,0.1296
2500,3000000,0.36988000000000015,2464500,0.1296
2500,3000000,0.36988000000000015,2465000,0.1108
2500,3000000,0.36988000000000015,2465500,0.0972
2500,3000000,0.36988000000000015,2466000,0.1404
2500,3000000,0.36988000000000015,2466500,0.1544
2500,3000000,0.36988000000000015,2467000,0.1356
2500,3000000,0.36988000000000015,2467500,0.1424
2500,3000000,0.36988000000000015,2468000,0.1236
2500,3000000,0.36988000000000015,2468500,0.1484
2500,3000000,0.36988000000000015,2469000,0.1292
2500,3000000,0.36988000000000015,2469500,0.1396
2500,3000000,0.36988000000000015,2470000,0.1508
2500,3000000,0.36988000000000015,2470500,0.1576
2500,3000000,0.36988000000000015,2471000,0.1256
2500,3000000,0.36988000000000015,2471500,0.0892
2500,3000000,0.36988000000000015,2472000,0.1024
2500,3000000,0.36988000000000015,2472500,0.1008
2500,3000000,0.36988000000000015,2473000,0.1296
2500,3000000,0.36988000000000015,2473500,0.1476
2500,3000000,0.36988000000000015,2474000,0.1704
2500,3000000,0.36988000000000015,2474500,0.1884
2500,3000000,0.36988000000000015,2475000,0.1552
2500,3000000,0.36988000000000015,2475500,0.1508
2500,3000000,0.36988000000000015,2476000,0.2036
2500,3000000,0.36988000000000015,2476500,0.2032
2500,3000000,0.36988000000000015,2477000,0.1688
2500,3000000,0.36988000000000015,2477500,0.1332
2500,3000000,0.36988000000000015,2478000,0.1856
2500,3000000,0.36988000000000015,2478500,0.2004
2500,3000000,0.36988000000000015,2479000,0.1576
2500,3000000,0.36988000000000015,2479500,0.1644
2500,3000000,0.36988000000000015,2480000,0.1956
2500,3000000,0.36988000000000015,2480500,0.16
2500,3000000,0.36988000000000015,2481000,0.2092
2500,3000000,0.36988000000000015,2481500,0.176
2500,3000000,0.36988000000000015,2482000,0.1148
2500,3000000,0.36988000000000015,2482500,0.1484
2500,3000000,0.36988000000000015,2483000,0.1504
2500,3000000,0.36988000000000015,2483500,0.13
2500,3000000,0.36988000000000015,2484000,0.1228
2500,3000000,0.36988000000000015,2484500,0.1564
2500,3000000,0.36988000000000015,2485000,0.2116
2500,3000000,0.36988000000000015,2485500,0.2164
2500,3000000,0.36988000000000015,2486000,0.2164
2500,3000000,0.36988000000000015,2486500,0.222
2500,3000000,0.36988000000000015,2487000,0.192
2500,3000000,0.36988000000000015,2487500,0.2136
2500,3000000,0.36988000000000015,2488000,0.2124
2500,3000000,0.36988000000000015,2488500,0.2032
2500,3000000,0.36988000000000015,2489000,0.1668
2500,3000000,0.36988000000000015,2489500,0.2104
2500,3000000,0.36988000000000015,2490000,0.1548
2500,3000000,0.36988000000000015,2490500,0.168
2500,3000000,0.36988000000000015,2491000,0.1216
2500,3000000,0.36988000000000015,2491500,0.1564
2500,3000000,0.36988000000000015,2492000,0.2164
2500,3000000,0.36988000000000015,2492500,0.1908
2500,3000000,0.36988000000000015,2493000,0.192
2500,3000000,0.36988000000000015,2493500,0.1408
2500,3000000,0.36988000000000015,2494000,0.2212
2500,3000000,0.36988000000000015,2494500,0.2012
2500,3000000,0.36988000000000015,2495000,0.2144
2500,3000000,0.36988000000000015,2495500,0.2032
2500,3000000,0.36988000000000015,2496000,0.214
2500,3000000,0.36988000000000015,2496500,0.2096
2500,3000000,0.36988000000000015,2497000,0.2248
2500,3000000,0.36988000000000015,2497500,0.2784
2500,3000000,0.36988000000000015,2498000,0.252
2500,3000000,0.36988000000000015,2498500,0.2348
2500,3000000,0.36988000000000015,2499000,0.2276
2500,3000000,0.36988000000000015,2499500,0.256
2500,3000000,0.36988000000000015,2500000,0.2712
2500,3000000,0.36988000000000015,2500500,0.2696
2500,3000000,0.36988000000000015,2501000,0.2592
2500,3000000,0.36988000000000015,2501500,0.294
2500,3000000,0.36988000000000015,2502000,0.2604
2500,3000000,0.36988000000000015,2502500,0.218
2500,3000000,0.36988000000000015,2503000,0.27
2500,3000000,0.36988000000000015,2503500,0.3
2500,3000000,0.36988000000000015,2504000,0.282
2500,3000000,0.36988000000000015,2504500,0.2628
2500,3000000,0.36988000000000015,2505000,0.2516
2500,3000000,0.36988000000000015,2505500,0.2328
2500,3000000,0.36988000000000015,2506000,0.2368
2500,3000000,0.36988000000000015,2506500,0.2588
2500,3000000,0.36988000000000015,2507000,0.2108
2500,3000000,0.36988000000000015,2507500,0.2868
2500,3000000,0.36988000000000015,2508000,0.3144
2500,3000000,0.36988000000000015,2508500,0.2792
2500,3000000,0.36988000000000015,2509000,0.2396
2500,3000000,0.36988000000000015,2509500,0.228
2500,3000000,0.36988000000000015,2510000,0.2236
2500,3000000,0.36988000000000015,2510500,0.2164
2500,3000000,0.36988000000000015,2511000,0.2148
2500,3000000,0.36988000000000015,2511500,0.2584
2500,3000000,0.36988000000000015,2512000,0.2576
2500,3000000,0.36988000000000015,2512500,0.292
2500,3000000,0.36988000000000015,2513000,0.2288
2500,3000000,0.36988000000000015,2513500,0.2976
2500,3000000,0.36988000000000015,2514000,0.276
2500,3000000,0.36988000000000015,2514500,0.178
2500,3000000,0.36988000000000015,2515000,0.2268
2500,3000000,0.36988000000000015,2515500,0.2712
2500,3000000,0.36988000000000015,2516000,0.2544
2500,3000000,0.36988000000000015,2516500,0.2224
2500,3000000,0.36988000000000015,2517000,0.1832
2500,3000000,0.36988000000000015,2517500,0.1668
2500,3000000,0.36988000000000015,2518000,0.1876
2500,3000000,0.36988000000000015,2518500,0.148
2500,3000000,0.36988000000000015,2519000,0.1684
2500,3000000,0.36988000000000015,2519500,0.1308
2500,3000000,0.36988000000000015,2520000,0.1748
2500,3000000,0.36988000000000015,2520500,0.1776
2500,3000000,0.36988000000000015,2521000,0.168
2500,3000000,0.36988000000000015,2521500,0.1488
2500,3000000,0.36988000000000015,2522000,0.1348
2500,3000000,0.36988000000000015,2522500,0.1148
2500,3000000,0.36988000000000015,2523000,0.09
2500,3000000,0.36988000000000015,2523500,0.0988
2500,3000000,0.36988000000000015,2524000,0.09
2500,3000000,0.36988000000000015,2524500,0.068
2500,3000000,0.36988000000000015,2525000,0.0848
2500,3000000,0.36988000000000015,2525500,0.0984
2500,3000000,0.36988000000000015,2526000,0.0608
2500,3000000,0.36988000000000015,2526500,0.1156
2500,3000000,0.36988000000000015,2527000,0.11
2500,3000000,0.36988000000000015,2527500,0.1004
2500,3000000,0.36988000000000015,2528000,0.1128
2500,3000000,0.36988000000000015,2528500,0.0916
2500,3000000,0.36988000000000015,2529000,0.0588
2500,3000000,0.36988000000000015,2529500,0.0632
2500,3000000,0.36988000000000015,2530000,0.0748
2500,3000000,0.36988000000000015,2530500,0.0972
2500,3000000,0.36988000000000015,2531000,0.0976
2500,3000000,0.36988000000000015,2531500,0.0944
2500,3000000,0.36988000000000015,2532000,0.144
2500,3000000,0.36988000000000015,2532500,0.122
2500,3000000,0.36988000000000015,2533000,0.1024
2500,3000000,0.36988000000000015,2533500,0.1232
2500,3000000,0.36988000000000015,2534000,0.1088
2500,3000000,0.36988000000000015,2534500,0.096
2500,3000000,0.36988000000000015,2535000,0.1572
2500,3000000,0.36988000000000015,2535500,0.1624
2500,3000000,0.36988000000000015,2536000,0.1336
2500,3000000,0.36988000000000015,2536500,0.1564
2500,3000000,0.36988000000000015,2537000,0.164
2500,3000000,0.36988000000000015,2537500,0.164
2500,3000000,0.36988000000000015,2538000,0.1688
2500,3000000,0.36988000000000015,2538500,0.1476
2500,3000000,0.36988000000000015,2539000,0.0896
2500,3000000,0.36988000000000015,2539500,0.1164
2500,3000000,0.36988000000000015,2540000,0.1524
2500,3000000,0.36988000000000015,2540500,0.17
2500,3000000,0.36988000000000015,2541000,0.1252
2500,3000000,0.36988000000000015,2541500,0.1244
2500,3000000,0.36988000000000015,2542000,0.1056
2500,3000000,0.36988000000000015,2542500,0.1444
2500,3000000,0.36988000000000015,2543000,0.1204
2500,3000000,0.36988000000000015,2543500,0.1412
2500,3000000,0.36988000000000015,2544000,0.1284
2500,3000000,0.36988000000000015,2544500,0.162
2500,3000000,0.36988000000000015,2545000,0.0972
2500,3000000,0.36988000000000015,2545500,0.1248
2500,3000000,0.36988000000000015,2546000,0.15
2500,3000000,0.36988000000000015,2546500,0.1316
2500,3000000,0.36988000000000015,2547000,0.1452
2500,3000000,0.36988000000000015,2547500,0.1728
2500,3000000,0.36988000000000015,2548000,0.1432
2500,3000000,0.36988000000000015,2548500,0.15
2500,3000000,0.36988000000000015,2549000,0.142
2500,3000000,0.36988000000000015,2549500,0.1544
2500,3000000,0.36988000000000015,2550000,0.2012
2500,3000000,0.36988000000000015,2550500,0.2016
2500,3000000,0.36988000000000015,2551000,0.1696
2500,3000000,0.36988000000000015,2551500,0.1796
2500,3000000,0.36988000000000015,2552000,0.186
2500,3000000,0.36988000000000015,2552500,0.1656
2500,3000000,0.36988000000000015,2553000,0.16
2500,3000000,0.36988000000000015,2553500,0.186
2500,3000000,0.36988000000000015,2554000,0.1704
2500,3000000,0.36988000000000015,2554500,0.1112
2500,3000000,0.36988000000000015,2555000,0.1164
2500,3000000,0.36988000000000015,2555500,0.0884
2500,3000000,0.36988000000000015,2556000,0.1424
2500,3000000,0.36988000000000015,2556500,0.1452
2500,3000000,0.36988000000000015,2557000,0.1324
2500,3000000,0.36988000000000015,2557500,0.172
2500,3000000,0.36988000000000015,2558000,0.1532
2500,3000000,0.36988000000000015,2558500,0.1148
2500,3000000,0.36988000000000015,2559000,0.1068
2500,3000000,0.36988000000000015,2559500,0.1512
2500,3000000,0.36988000000000015,2560000,0.1676
2500,3000000,0.36988000000000015,2560500,0.1108
2500,3000000,0.36988000000000015,2561000,0.1368
2500,3000000,0.36988000000000015,2561500,0.1404
2500,3000000,0.36988000000000015,2562000,0.1016
2500,3000000,0.36988000000000015,2562500,0.0952
2500,3000000,0.36988000000000015,2563000,0.076
2500,3000000,0.36988000000000015,2563500,0.0744
2500,3000000,0.36988000000000015,2564000,0.0464
2500,3000000,0.36988000000000015,2564500,0.0612
2500,3000000,0.36988000000000015,2565000,0.0652
2500,3000000,0.36988000000000015,2565500,0.056
2500,3000000,0.36988000000000015,2566000,0.0572
2500,3000000,0.36988000000000015,2566500,0.0428
2500,3000000,0.36988000000000015,2567000,0.0496
2500,3000000,0.36988000000000015,2567500,0.0624
2500,3000000,0.36988000000000015,2568000,0.0576
2500,3000000,0.36988000000000015,2568500,0.0856
2500,3000000,0.36988000000000015,2569000,0.08
2500,3000000,0.36988000000000015,2569500,0.0788
2500,3000000,0.36988000000000015,2570000,0.0804
2500,3000000,0.36988000000000015,2570500,0.0756
2500,3000000,0.36988000000000015,2571000,0.0688
2500,3000000,0.36988000000000015,2571500,0.0844
2500,3000000,0.36988000000000015,2572000,0.114
2500,3000000,0.36988000000000015,2572500,0.1044
2500,3000000,0.36988000000000015,2573000,0.1076
2500,3000000,0.36988000000000015,2573500,0.0976
2500,3000000,0.36988000000000015,2574000,0.0944
2500,3000000,0.36988000000000015,2574500,0.138
2500,3000000,0.36988000000000015,2575000,0.1052
2500,3000000,0.36988000000000015,2575500,0.1184
2500,3000000,0.36988000000000015,2576000,0.1232
2500,3000000,0.36988000000000015,2576500,0.1276
2500,3000000,0.36988000000000015,2577000,0.1296
2500,3000000,0.36988000000000015,2577500,0.1444
2500,3000000,0.36988000000000015,2578000,0.1228
2500,3000000,0.36988000000000015,2578500,0.138
2500,3000000,0.36988000000000015,2579000,0.1344
2500,3000000,0.36988000000000015,2579500,0.14
2500,3000000,0.36988000000000015,2580000,0.1444
2500,3000000,0.36988000000000015,2580500,0.0756
2500,3000000,0.36988000000000015,2581000,0.1092
2500,3000000,0.36988000000000015,2581500,0.1032
2500,3000000,0.36988000000000015,2582000,0.1324
2500,3000000,0.36988000000000015,2582500,0.1268
2500,3000000,0.36988000000000015,2583000,0.1088
2500,3000000,0.36988000000000015,2583500,0.112
2500,3000000,0.36988000000000015,2584000,0.1092
2500,3000000,0.36988000000000015,2584500,0.1052
2500,3000000,0.36988000000000015,2585000,0.0972
2500,3000000,0.36988000000000015,2585500,0.1128
2500,3000000,0.36988000000000015,2586000,0.0516
2500,3000000,0.36988000000000015,2586500,0.088
2500,3000000,0.36988000000000015,2587000,0.0836
2500,3000000,0.36988000000000015,2587500,0.1004
2500,3000000,0.36988000000000015,2588000,0.1112
2500,3000000,0.36988000000000015,2588500,0.1076
2500,3000000,0.36988000000000015,2589000,0.1204
2500,3000000,0.36988000000000015,2589500,0.068
2500,3000000,0.36988000000000015,2590000,0.1088
2500,3000000,0.36988000000000015,2590500,0.0928
2500,3000000,0.36988000000000015,2591000,0.104
2500,3000000,0.36988000000000015,2591500,0.114
2500,3000000,0.36988000000000015,2592000,0.1212
2500,3000000,0.36988000000000015,2592500,0.1268
2500,3000000,0.36988000000000015,2593000,0.11
2500,3000000,0.36988000000000015,2593500,0.112
2500,3000000,0.36988000000000015,2594000,0.0884
2500,3000000,0.36988000000000015,2594500,0.0888
2500,3000000,0.36988000000000015,2595000,0.1136
2500,3000000,0.36988000000000015,2595500,0.1124
2500,3000000,0.36988000000000015,2596000,0.0648
2500,3000000,0.36988000000000015,2596500,0.0464
2500,3000000,0.36988000000000015,2597000,0.058
2500,3000000,0.36988000000000015,2597500,0.0752
2500,3000000,0.36988000000000015,2598000,0.0764
2500,3000000,0.36988000000000015,2598500,0.0756
2500,3000000,0.36988000000000015,2599000,0.0568
2500,3000000,0.36988000000000015,2599500,0.062
2500,3000000,0.36988000000000015,2600000,0.0528
2500,3000000,0.36988000000000015,2600500,0.0676
2500,3000000,0.36988000000000015,2601000,0.076
2500,3000000,0.36988000000000015,2601500,0.0616
2500,3000000,0.36988000000000015,2602000,0.0532
2500,3000000,0.36988000000000015,2602500,0.0752
2500,3000000,0.36988000000000015,2603000,0.0656
2500,3000000,0.36988000000000015,2603500,0.0832
2500,3000000,0.36988000000000015,2604000,0.1044
2500,3000000,0.36988000000000015,2604500,0.124
2500,3000000,0.36988000000000015,2605000,0.0864
2500,3000000,0.36988000000000015,2605500,0.0744
2500,3000000,0.36988000000000015,2606000,0.0484
2500,3000000,0.36988000000000015,2606500,0.0504
2500,3000000,0.36988000000000015,2607000,0.0676
2500,3000000,0.36988000000000015,2607500,0.0884
2500,3000000,0.36988000000000015,2608000,0.0692
2500,3000000,0.36988000000000015,2608500,0.0692
2500,3000000,0.36988000000000015,2609000,0.0656
2500,3000000,0.36988000000000015,2609500,0.1112
2500,3000000,0.36988000000000015,2610000,0.0892
2500,3000000,0.36988000000000015,2610500,0.086
2500,3000000,0.36988000000000015,2611000,0.0924
2500,3000000,0.36988000000000015,2611500,0.1112
2500,3000000,0.36988000000000015,2612000,0.1484
2500,3000000,0.36988000000000015,2612500,0.1384
2500,3000000,0.36988000000000015,2613000,0.1044
2500,3000000,0.36988000000000015,2613500,0.0704
2500,3000000,0.36988000000000015,2614000,0.0952
2500,3000000,0.36988000000000015,2614500,0.0744
2500,3000000,0.36988000000000015,2615000,0.0756
2500,3000000,0.36988000000000015,2615500,0.0912
2500,3000000,0.36988000000000015,2616000,0.0524
2500,3000000,0.36988000000000015,2616500,0.0524
2500,3000000,0.36988000000000015,2617000,0.0644
2500,3000000,0.36988000000000015,2617500,0.072
2500,3000000,0.36988000000000015,2618000,0.0872
2500,3000000,0.36988000000000015,2618500,0.096
2500,3000000,0.36988000000000015,2619000,0.0692
2500,3000000,0.36988000000000015,2619500,0.038
2500,3000000,0.36988000000000015,2620000,0.0152
2500,3000000,0.36988000000000015,2620500,0.0208
2500,3000000,0.36988000000000015,2621000,0.0288
2500,3000000,0.36988000000000015,2621500,0.0428
2500,3000000,0.36988000000000015,2622000,0.0416
2500,3000000,0.36988000000000015,2622500,0.0216
2500,3000000,0.36988000000000015,2623000,0.0116
2500,3000000,0.36988000000000015,2623500,0.022
2500,3000000,0.36988000000000015,2624000,0.024
2500,3000000,0.36988000000000015,2624500,0.026
2500,3000000,0.36988000000000015,2625000,0.0148
2500,3000000,0.36988000000000015,2625500,0.0324
2500,3000000,0.36988000000000015,2626000,0.0384
2500,3000000,0.36988000000000015,2626500,0.0236
2500,3000000,0.36988000000000015,2627000,0.054
2500,3000000,0.36988000000000015,2627500,0.0668
2500,3000000,0.36988000000000015,2628000,0.0532
2500,3000000,0.36988000000000015,2628500,0.0316
2500,3000000,0.36988000000000015,2629000,0.03
2500,3000000,0.36988000000000015,2629500,0.0396
2500,3000000,0.36988000000000015,2630000,0.0504
2500,3000000,0.36988000000000015,2630500,0.0564
2500,3000000,0.36988000000000015,2631000,0.0692
2500,3000000,0.36988000000000015,2631500,0.0504
2500,3000000,0.36988000000000015,2632000,0.0436
2500,3000000,0.36988000000000015,2632500,0.0408
2500,3000000,0.36988000000000015,2633000,0.0552
2500,3000000,0.36988000000000015,2633500,0.0752
2500,3000000,0.36988000000000015,2634000,0.0808
2500,3000000,0.36988000000000015,2634500,0.0464
2500,3000000,0.36988000000000015,2635000,0.0688
2500,3000000,0.36988000000000015,2635500,0.0352
2500,3000000,0.36988000000000015,2636000,0.0604
2500,3000000,0.36988000000000015,2636500,0.0372
2500,3000000,0.36988000000000015,2637000,0.0524
2500,3000000,0.36988000000000015,2637500,0.0536
2500,3000000,0.36988000000000015,2638000,0.0524
2500,3000000,0.36988000000000015,2638500,0.0568
2500,3000000,0.36988000000000015,2639000,0.062
2500,3000000,0.36988000000000015,2639500,0.068
2500,3000000,0.36988000000000015,2640000,0.072
2500,3000000,0.36988000000000015,2640500,0.0688
2500,3000000,0.36988000000000015,2641000,0.0772
2500,3000000,0.36988000000000015,2641500,0.0724
2500,3000000,0.36988000000000015,2642000,0.0488
2500,3000000,0.36988000000000015,2642500,0.0708
2500,3000000,0.36988000000000015,2643000,0.078
2500,3000000,0.36988000000000015,2643500,0.0748
2500,3000000,0.36988000000000015,2644000,0.0668
2500,3000000,0.36988000000000015,2644500,0.0428
2500,3000000,0.36988000000000015,2645000,0.0588
2500,3000000,0.36988000000000015,2645500,0.05
2500,3000000,0.36988000000000015,2646000,0.02
2500,3000000,0.36988000000000015,2646500,0.032
2500,3000000,0.36988000000000015,2647000,0.02
2500,3000000,0.36988000000000015,2647500,0.0288
2500,3000000,0.36988000000000015,2648000,0.0504
2500,3000000,0.36988000000000015,2648500,0.0492
2500,3000000,0.36988000000000015,2649000,0.0704
2500,3000000,0.36988000000000015,2649500,0.0628
2500,3000000,0.36988000000000015,2650000,0.0776
2500,3000000,0.36988000000000015,2650500,0.1088
2500,3000000,0.36988000000000015,2651000,0.086
2500,3000000,0.36988000000000015,2651500,0.088
2500,3000000,0.36988000000000015,2652000,0.0524
2500,3000000,0.36988000000000015,2652500,0.046
2500,3000000,0.36988000000000015,2653000,0.084
2500,3000000,0.36988000000000015,2653500,0.0576
2500,3000000,0.36988000000000015,2654000,0.0728
2500,3000000,0.36988000000000015,2654500,0.0428
2500,3000000,0.36988000000000015,2655000,0.0444
2500,3000000,0.36988000000000015,2655500,0.0524
2500,3000000,0.36988000000000015,2656000,0.0452
2500,3000000,0.36988000000000015,2656500,0.044
2500,3000000,0.36988000000000015,2657000,0.042
2500,3000000,0.36988000000000015,2657500,0.0544
2500,3000000,0.36988000000000015,2658000,0.0304
2500,3000000,0.36988000000000015,2658500,0.0544
2500,3000000,0.36988000000000015,2659000,0.0364
2500,3000000,0.36988000000000015,2659500,0.066
2500,3000000,0.36988000000000015,2660000,0.0468
2500,3000000,0.36988000000000015,2660500,0.0408
2500,3000000,0.36988000000000015,2661000,0.058
2500,3000000,0.36988000000000015,2661500,0.0548
2500,3000000,0.36988000000000015,2662000,0.0572
2500,3000000,0.36988000000000015,2662500,0.0404
2500,3000000,0.36988000000000015,2663000,0.0592
2500,3000000,0.36988000000000015,2663500,0.0452
2500,3000000,0.36988000000000015,2664000,0.0484
2500,3000000,0.36988000000000015,2664500,0.028
2500,3000000,0.36988000000000015,2665000,0.0236
2500,3000000,0.36988000000000015,2665500,0.024
2500,3000000,0.36988000000000015,2666000,0.024
2500,3000000,0.36988000000000015,2666500,0.0164
2500,3000000,0.36988000000000015,2667000,0.0188
2500,3000000,0.36988000000000015,2667500,0.0196
2500,3000000,0.36988000000000015,2668000,0.0324
2500,3000000,0.36988000000000015,2668500,0.058
2500,3000000,0.36988000000000015,2669000,0.0296
2500,3000000,0.36988000000000015,2669500,0.0196
2500,3000000,0.36988000000000015,2670000,0.0168
2500,3000000,0.36988000000000015,2670500,0.0112
2500,3000000,0.36988000000000015,2671000,0.0132
2500,3000000,0.36988000000000015,2671500,0.0224
2500,3000000,0.36988000000000015,2672000,0.0288
2500,3000000,0.36988000000000015,2672500,0.0416
2500,3000000,0.36988000000000015,2673000,0.0304
2500,3000000,0.36988000000000015,2673500,0.0352
2500,3000000,0.36988000000000015,2674000,0.0392
2500,3000000,0.36988000000000015,2674500,0.0336
2500,3000000,0.36988000000000015,2675000,0.0384
2500,3000000,0.36988000000000015,2675500,0.0484
2500,3000000,0.36988000000000015,2676000,0.0436
2500,3000000,0.36988000000000015,2676500,0.058
2500,3000000,0.36988000000000015,2677000,0.0904
2500,3000000,0.36988000000000015,2677500,0.0384
2500,3000000,0.36988000000000015,2678000,0.0296
2500,3000000,0.36988000000000015,2678500,0.03
2500,3000000,0.36988000000000015,2679000,0.028
2500,3000000,0.36988000000000015,2679500,0.0364
2500,3000000,0.36988000000000015,2680000,0.0716
2500,3000000,0.36988000000000015,2680500,0.0324
2500,3000000,0.36988000000000015,2681000,0.0192
2500,3000000,0.36988000000000015,2681500,0.042
2500,3000000,0.36988000000000015,2682000,0.0296
2500,3000000,0.36988000000000015,2682500,0.0348
2500,3000000,0.36988000000000015,2683000,0.0484
2500,3000000,0.36988000000000015,2683500,0.0452
2500,3000000,0.36988000000000015,2684000,0.0376
2500,3000000,0.36988000000000015,2684500,0.0544
2500,3000000,0.36988000000000015,2685000,0.068
2500,3000000,0.36988000000000015,2685500,0.0748
2500,3000000,0.36988000000000015,2686000,0.0712
2500,3000000,0.36988000000000015,2686500,0.0612
2500,3000000,0.36988000000000015,2687000,0.09
2500,3000000,0.36988000000000015,2687500,0.084
2500,3000000,0.36988000000000015,2688000,0.076
2500,3000000,0.36988000000000015,2688500,0.1128
2500,3000000,0.36988000000000015,2689000,0.1256
2500,3000000,0.36988000000000015,2689500,0.0968
2500,3000000,0.36988000000000015,2690000,0.138
2500,3000000,0.36988000000000015,2690500,0.13
2500,3000000,0.36988000000000015,2691000,0.1704
2500,3000000,0.36988000000000015,2691500,0.1308
2500,3000000,0.36988000000000015,2692000,0.1288
2500,3000000,0.36988000000000015,2692500,0.1772
2500,3000000,0.36988000000000015,2693000,0.1652
2500,3000000,0.36988000000000015,2693500,0.1548
2500,3000000,0.36988000000000015,2694000,0.1188
2500,3000000,0.36988000000000015,2694500,0.1476
2500,3000000,0.36988000000000015,2695000,0.0852
2500,3000000,0.36988000000000015,2695500,0.1244
2500,3000000,0.36988000000000015,2696000,0.1288
2500,3000000,0.36988000000000015,2696500,0.1044
2500,3000000,0.36988000000000015,2697000,0.1504
2500,3000000,0.36988000000000015,2697500,0.1512
2500,3000000,0.36988000000000015,2698000,0.1736
2500,3000000,0.36988000000000015,2698500,0.216
2500,3000000,0.36988000000000015,2699000,0.1664
2500,3000000,0.36988000000000015,2699500,0.1968
2500,3000000,0.36988000000000015,2700000,0.1624
2500,3000000,0.36988000000000015,2700500,0.1632
2500,3000000,0.36988000000000015,2701000,0.1524
2500,3000000,0.36988000000000015,2701500,0.1592
2500,3000000,0.36988000000000015,2702000,0.1952
2500,3000000,0.36988000000000015,2702500,0.1284
2500,3000000,0.36988000000000015,2703000,0.1368
2500,3000000,0.36988000000000015,2703500,0.1652
2500,3000000,0.36988000000000015,2704000,0.1188
2500,3000000,0.36988000000000015,2704500,0.146
2500,3000000,0.36988000000000015,2705000,0.2032
2500,3000000,0.36988000000000015,2705500,0.1492
2500,3000000,0.36988000000000015,2706000,0.138
2500,3000000,0.36988000000000015,2706500,0.1584
2500,3000000,0.36988000000000015,2707000,0.1632
2500,3000000,0.36988000000000015,2707500,0.1596
2500,3000000,0.36988000000000015,2708000,0.166
2500,3000000,0.36988000000000015,2708500,0.204
2500,3000000,0.36988000000000015,2709000,0.2516
2500,3000000,0.36988000000000015,2709500,0.2088
2500,3000000,0.36988000000000015,2710000,0.238
2500,3000000,0.36988000000000015,2710500,0.2704
2500,3000000,0.36988000000000015,2711000,0.2396
2500,3000000,0.36988000000000015,2711500,0.232
2500,3000000,0.36988000000000015,2712000,0.1976
2500,3000000,0.36988000000000015,2712500,0.242
2500,3000000,0.36988000000000015,2713000,0.2472
2500,3000000,0.36988000000000015,2713500,0.2428
2500,3000000,0.36988000000000015,2714000,0.2172
2500,3000000,0.36988000000000015,2714500,0.2372
2500,3000000,0.36988000000000015,2715000,0.3016
2500,3000000,0.36988000000000015,2715500,0.2776
2500,3000000,0.36988000000000015,2716000,0.272
2500,3000000,0.36988000000000015,2716500,0.182
2500,3000000,0.36988000000000015,2717000,0.2324
2500,3000000,0.36988000000000015,2717500,0.2072
2500,3000000,0.36988000000000015,2718000,0.182
2500,3000000,0.36988000000000015,2718500,0.2
2500,3000000,0.36988000000000015,2719000,0.1848
2500,3000000,0.36988000000000015,2719500,0.1416
2500,3000000,0.36988000000000015,2720000,0.1872
2500,3000000,0.36988000000000015,2720500,0.2204
2500,3000000,0.36988000000000015,2721000,0.2132
2500,3000000,0.36988000000000015,2721500,0.2428
2500,3000000,0.36988000000000015,2722000,0.2164
2500,3000000,0.36988000000000015,2722500,0.2056
2500,3000000,0.36988000000000015,2723000,0.2156
2500,3000000,0.36988000000000015,2723500,0.2136
2500,3000000,0.36988000000000015,2724000,0.2304
2500,3000000,0.36988000000000015,2724500,0.2412
2500,3000000,0.36988000000000015,2725000,0.2768
2500,3000000,0.36988000000000015,2725500,0.2768
2500,3000000,0.36988000000000015,2726000,0.2772
2500,3000000,0.36988000000000015,2726500,0.2424
2500,3000000,0.36988000000000015,2727000,0.246
2500,3000000,0.36988000000000015,2727500,0.2432
2500,3000000,0.36988000000000015,2728000,0.2644
2500,3000000,0.36988000000000015,2728500,0.246
2500,3000000,0.36988000000000015,2729000,0.1772
2500,3000000,0.36988000000000015,2729500,0.2132
2500,3000000,0.36988000000000015,2730000,0.204
2500,3000000,0.36988000000000015,2730500,0.2232
2500,3000000,0.36988000000000015,2731000,0.2056
2500,3000000,0.36988000000000015,2731500,0.2332
2500,3000000,0.36988000000000015,2732000,0.21
2500,3000000,0.36988000000000015,2732500,0.1832
2500,3000000,0.36988000000000015,2733000,0.2196
2500,3000000,0.36988000000000015,2733500,0.234
2500,3000000,0.36988000000000015,2734000,0.2872
2500,3000000,0.36988000000000015,2734500,0.2692
2500,3000000,0.36988000000000015,2735000,0.2116
2500,3000000,0.36988000000000015,2735500,0.2576
2500,3000000,0.36988000000000015,2736000,0.298
2500,3000000,0.36988000000000015,2736500,0.2448
2500,3000000,0.36988000000000015,2737000,0.2808
2500,3000000,0.36988000000000015,2737500,0.264
2500,3000000,0.36988000000000015,2738000,0.3156
2500,3000000,0.36988000000000015,2738500,0.3008
2500,3000000,0.36988000000000015,2739000,0.2644
2500,3000000,0.36988000000000015,2739500,0.3328
2500,3000000,0.36988000000000015,2740000,0.2608
2500,3000000,0.36988000000000015,2740500,0.2476
2500,3000000,0.36988000000000015,2741000,0.3148
2500,3000000,0.36988000000000015,2741500,0.3044
2500,3000000,0.36988000000000015,2742000,0.378
2500,3000000,0.36988000000000015,2742500,0.3064
2500,3000000,0.36988000000000015,2743000,0.3048
2500,3000000,0.36988000000000015,2743500,0.34
2500,3000000,0.36988000000000015,2744000,0.342
2500,3000000,0.36988000000000015,2744500,0.3004
2500,3000000,0.36988000000000015,2745000,0.3396
2500,3000000,0.36988000000000015,2745500,0.32
2500,3000000,0.36988000000000015,2746000,0.3096
2500,3000000,0.36988000000000015,2746500,0.3624
2500,3000000,0.36988000000000015,2747000,0.3716
2500,3000000,0.36988000000000015,2747500,0.3784
2500,3000000,0.36988000000000015,2748000,0.4088
2500,3000000,0.36988000000000015,2748500,0.3664
2500,3000000,0.36988000000000015,2749000,0.3884
2500,3000000,0.36988000000000015,2749500,0.408
2500,3000000,0.36988000000000015,2750000,0.4428
2500,3000000,0.36988000000000015,2750500,0.4312
2500,3000000,0.36988000000000015,2751000,0.4548
2500,3000000,0.36988000000000015,2751500,0.4192
2500,3000000,0.36988000000000015,2752000,0.4184
2500,3000000,0.36988000000000015,2752500,0.3884
2500,3000000,0.36988000000000015,2753000,0.3856
2500,3000000,0.36988000000000015,2753500,0.4544
2500,3000000,0.36988000000000015,2754000,0.3748
2500,3000000,0.36988000000000015,2754500,0.4168
2500,3000000,0.36988000000000015,2755000,0.3432
2500,3000000,0.36988000000000015,2755500,0.3992
2500,3000000,0.36988000000000015,2756000,0.3916
2500,3000000,0.36988000000000015,2756500,0.3708
2500,3000000,0.36988000000000015,2757000,0.378
2500,3000000,0.36988000000000015,2757500,0.3576
2500,3000000,0.36988000000000015,2758000,0.3076
2500,3000000,0.36988000000000015,2758500,0.3236
2500,3000000,0.36988000000000015,2759000,0.2484
2500,3000000,0.36988000000000015,2759500,0.22
2500,3000000,0.36988000000000015,2760000,0.3104
2500,3000000,0.36988000000000015,2760500,0.3164
2500,3000000,0.36988000000000015,2761000,0.3712
2500,3000000,0.36988000000000015,2761500,0.3632
2500,3000000,0.36988000000000015,2762000,0.3656
2500,3000000,0.36988000000000015,2762500,0.3112
2500,3000000,0.36988000000000015,2763000,0.3416
2500,3000000,0.36988000000000015,2763500,0.2764
2500,3000000,0.36988000000000015,2764000,0.35
2500,3000000,0.36988000000000015,2764500,0.3564
2500,3000000,0.36988000000000015,2765000,0.2908
2500,3000000,0.36988000000000015,2765500,0.2716
2500,3000000,0.36988000000000015,2766000,0.29
2500,3000000,0.36988000000000015,2766500,0.27
2500,3000000,0.36988000000000015,2767000,0.2668
2500,3000000,0.36988000000000015,2767500,0.2992
2500,3000000,0.36988000000000015,2768000,0.2644
2500,3000000,0.36988000000000015,2768500,0.2516
2500,3000000,0.36988000000000015,2769000,0.3604
2500,3000000,0.36988000000000015,2769500,0.308
2500,3000000,0.36988000000000015,2770000,0.3832
2500,3000000,0.36988000000000015,2770500,0.4356
2500,3000000,0.36988000000000015,2771000,0.3912
2500,3000000,0.36988000000000015,2771500,0.4044
2500,3000000,0.36988000000000015,2772000,0.404
2500,3000000,0.36988000000000015,2772500,0.4772
2500,3000000,0.36988000000000015,2773000,0.4356
2500,3000000,0.36988000000000015,2773500,0.4648
2500,3000000,0.36988000000000015,2774000,0.4272
2500,3000000,0.36988000000000015,2774500,0.4316
2500,3000000,0.36988000000000015,2775000,0.42
2500,3000000,0.36988000000000015,2775500,0.4164
2500,3000000,0.36988000000000015,2776000,0.4088
2500,3000000,0.36988000000000015,2776500,0.4252
2500,3000000,0.36988000000000015,2777000,0.3964
2500,3000000,0.36988000000000015,2777500,0.3636
2500,3000000,0.36988000000000015,2778000,0.4216
2500,3000000,0.36988000000000015,2778500,0.4272
2500,3000000,0.36988000000000015,2779000,0.3848
2500,3000000,0.36988000000000015,2779500,0.4024
2500,3000000,0.36988000000000015,2780000,0.4176
2500,3000000,0.36988000000000015,2780500,0.3636
2500,3000000,0.36988000000000015,2781000,0.3524
2500,3000000,0.36988000000000015,2781500,0.3556
2500,3000000,0.36988000000000015,2782000,0.3552
2500,3000000,0.36988000000000015,2782500,0.4372
2500,3000000,0.36988000000000015,2783000,0.3864
2500,3000000,0.36988000000000015,2783500,0.3752
2500,3000000,0.36988000000000015,2784000,0.3036
2500,3000000,0.36988000000000015,2784500,0.3412
2500,3000000,0.36988000000000015,2785000,0.2956
2500,3000000,0.36988000000000015,2785500,0.316
2500,3000000,0.36988000000000015,2786000,0.35
2500,3000000,0.36988000000000015,2786500,0.324
2500,3000000,0.36988000000000015,2787000,0.3456
2500,3000000,0.36988000000000015,2787500,0.38
2500,3000000,0.36988000000000015,2788000,0.3236
2500,3000000,0.36988000000000015,2788500,0.28
2500,3000000,0.36988000000000015,2789000,0.3184
2500,3000000,0.36988000000000015,2789500,0.2628
2500,3000000,0.36988000000000015,2790000,0.2708
2500,3000000,0.36988000000000015,2790500,0.31
2500,3000000,0.36988000000000015,2791000,0.2936
2500,3000000,0.36988000000000015,2791500,0.2888
2500,3000000,0.36988000000000015,2792000,0.3168
2500,3000000,0.36988000000000015,2792500,0.2576
2500,3000000,0.36988000000000015,2793000,0.2768
2500,3000000,0.36988000000000015,2793500,0.3108
2500,3000000,0.36988000000000015,2794000,0.2888
2500,3000000,0.36988000000000015,2794500,0.2904
2500,3000000,0.36988000000000015,2795000,0.3464
2500,3000000,0.36988000000000015,2795500,0.3536
2500,3000000,0.36988000000000015,2796000,0.288
2500,3000000,0.36988000000000015,2796500,0.3076
2500,3000000,0.36988000000000015,2797000,0.2928
2500,3000000,0.36988000000000015,2797500,0.2716
2500,3000000,0.36988000000000015,2798000,0.2596
2500,3000000,0.36988000000000015,2798500,0.3112
2500,3000000,0.36988000000000015,2799000,0.368
2500,3000000,0.36988000000000015,2799500,0.3756
2500,3000000,0.36988000000000015,2800000,0.3168
2500,3000000,0.36988000000000015,2800500,0.398
2500,3000000,0.36988000000000015,2801000,0.4168
2500,3000000,0.36988000000000015,2801500,0.4028
2500,3000000,0.36988000000000015,2802000,0.4544
2500,3000000,0.36988000000000015,2802500,0.3804
2500,3000000,0.36988000000000015,2803000,0.4032
2500,3000000,0.36988000000000015,2803500,0.414
2500,3000000,0.36988000000000015,2804000,0.4
2500,3000000,0.36988000000000015,2804500,0.3844
2500,3000000,0.36988000000000015,2805000,0.3624
2500,3000000,0.36988000000000015,2805500,0.4192
2500,3000000,0.36988000000000015,2806000,0.3792
2500,3000000,0.36988000000000015,2806500,0.3472
2500,3000000,0.36988000000000015,2807000,0.3684
2500,3000000,0.36988000000000015,2807500,0.382
2500,3000000,0.36988000000000015,2808000,0.4308
2500,3000000,0.36988000000000015,2808500,0.4096
2500,3000000,0.36988000000000015,2809000,0.3472
2500,3000000,0.36988000000000015,2809500,0.38
2500,3000000,0.36988000000000015,2810000,0.398
2500,3000000,0.36988000000000015,2810500,0.3672
2500,3000000,0.36988000000000015,2811000,0.3924
2500,3000000,0.36988000000000015,2811500,0.3724
2500,3000000,0.36988000000000015,2812000,0.404
2500,3000000,0.36988000000000015,2812500,0.3768
2500,3000000,0.36988000000000015,2813000,0.4144
2500,3000000,0.36988000000000015,2813500,0.4168
2500,3000000,0.36988000000000015,2814000,0.3424
2500,3000000,0.36988000000000015,2814500,0.3924
2500,3000000,0.36988000000000015,2815000,0.438
2500,3000000,0.36988000000000015,2815500,0.43
2500,3000000,0.36988000000000015,2816000,0.4064
2500,3000000,0.36988000000000015,2816500,0.3812
2500,3000000,0.36988000000000015,2817000,0.3584
2500,3000000,0.36988000000000015,2817500,0.3864
2500,3000000,0.36988000000000015,2818000,0.3744
2500,3000000,0.36988000000000015,2818500,0.4068
2500,3000000,0.36988000000000015,2819000,0.3288
2500,3000000,0.36988000000000015,2819500,0.352
2500,3000000,0.36988000000000015,2820000,0.3064
2500,3000000,0.36988000000000015,2820500,0.3164
2500,3000000,0.36988000000000015,2821000,0.3848
2500,3000000,0.36988000000000015,2821500,0.38
2500,3000000,0.36988000000000015,2822000,0.3788
2500,3000000,0.36988000000000015,2822500,0.478
2500,3000000,0.36988000000000015,2823000,0.432
2500,3000000,0.36988000000000015,2823500,0.4216
2500,3000000,0.36988000000000015,2824000,0.334
2500,3000000,0.36988000000000015,2824500,0.4124
2500,3000000,0.36988000000000015,2825000,0.3516
2500,3000000,0.36988000000000015,2825500,0.35
2500,3000000,0.36988000000000015,2826000,0.3732
2500,3000000,0.36988000000000015,2826500,0.2936
2500,3000000,0.36988000000000015,2827000,0.2716
2500,3000000,0.36988000000000015,2827500,0.2868
2500,3000000,0.36988000000000015,2828000,0.2352
2500,3000000,0.36988000000000015,2828500,0.256
2500,3000000,0.36988000000000015,2829000,0.2532
2500,3000000,0.36988000000000015,2829500,0.2236
2500,3000000,0.36988000000000015,2830000,0.2492
2500,3000000,0.36988000000000015,2830500,0.2792
2500,3000000,0.36988000000000015,2831000,0.2284
2500,3000000,0.36988000000000015,2831500,0.324
2500,3000000,0.36988000000000015,2832000,0.2224
2500,3000000,0.36988000000000015,2832500,0.2544
2500,3000000,0.36988000000000015,2833000,0.2324
2500,3000000,0.36988000000000015,2833500,0.2588
2500,3000000,0.36988000000000015,2834000,0.2556
2500,3000000,0.36988000000000015,2834500,0.2144
2500,3000000,0.36988000000000015,2835000,0.2496
2500,3000000,0.36988000000000015,2835500,0.2784
2500,3000000,0.36988000000000015,2836000,0.1728
2500,3000000,0.36988000000000015,2836500,0.2224
2500,3000000,0.36988000000000015,2837000,0.1996
2500,3000000,0.36988000000000015,2837500,0.2496
2500,3000000,0.36988000000000015,2838000,0.226
2500,3000000,0.36988000000000015,2838500,0.3364
2500,3000000,0.36988000000000015,2839000,0.2932
2500,3000000,0.36988000000000015,2839500,0.2768
2500,3000000,0.36988000000000015,2840000,0.2456
2500,3000000,0.36988000000000015,2840500,0.2228
2500,3000000,0.36988000000000015,2841000,0.246
2500,3000000,0.36988000000000015,2841500,0.3188
2500,3000000,0.36988000000000015,2842000,0.2752
2500,3000000,0.36988000000000015,2842500,0.3052
2500,3000000,0.36988000000000015,2843000,0.2624
2500,3000000,0.36988000000000015,2843500,0.2996
2500,3000000,0.36988000000000015,2844000,0.2604
2500,3000000,0.36988000000000015,2844500,0.3184
2500,3000000,0.36988000000000015,2845000,0.3296
2500,3000000,0.36988000000000015,2845500,0.3252
2500,3000000,0.36988000000000015,2846000,0.3456
2500,3000000,0.36988000000000015,2846500,0.3656
2500,3000000,0.36988000000000015,2847000,0.4032
2500,3000000,0.36988000000000015,2847500,0.4164
2500,3000000,0.36988000000000015,2848000,0.3668
2500,3000000,0.36988000000000015,2848500,0.3056
2500,3000000,0.36988000000000015,2849000,0.336
2500,3000000,0.36988000000000015,2849500,0.2968
2500,3000000,0.36988000000000015,2850000,0.2696
2500,3000000,0.36988000000000015,2850500,0.2548
2500,3000000,0.36988000000000015,2851000,0.2792
2500,3000000,0.36988000000000015,2851500,0.2624
2500,3000000,0.36988000000000015,2852000,0.2768
2500,3000000,0.36988000000000015,2852500,0.224
2500,3000000,0.36988000000000015,2853000,0.2084
2500,3000000,0.36988000000000015,2853500,0.2256
2500,3000000,0.36988000000000015,2854000,0.2252
2500,3000000,0.36988000000000015,2854500,0.2028
2500,3000000,0.36988000000000015,2855000,0.2564
2500,3000000,0.36988000000000015,2855500,0.2352
2500,3000000,0.36988000000000015,2856000,0.2264
2500,3000000,0.36988000000000015,2856500,0.2204
2500,3000000,0.36988000000000015,2857000,0.2048
2500,3000000,0.36988000000000015,2857500,0.1852
2500,3000000,0.36988000000000015,2858000,0.2392
2500,3000000,0.36988000000000015,2858500,0.198
2500,3000000,0.36988000000000015,2859000,0.198
2500,3000000,0.36988000000000015,2859500,0.1292
2500,3000000,0.36988000000000015,2860000,0.13
2500,3000000,0.36988000000000015,2860500,0.1292
2500,3000000,0.36988000000000015,2861000,0.1056
2500,3000000,0.36988000000000015,2861500,0.094
2500,3000000,0.36988000000000015,2862000,0.1044
2500,3000000,0.36988000000000015,2862500,0.1656
2500,3000000,0.36988000000000015,2863000,0.1464
2500,3000000,0.36988000000000015,2863500,0.142
2500,3000000,0.36988000000000015,2864000,0.1772
2500,3000000,0.36988000000000015,2864500,0.136
2500,3000000,0.36988000000000015,2865000,0.1216
2500,3000000,0.36988000000000015,2865500,0.1452
2500,3000000,0.36988000000000015,2866000,0.14
2500,3000000,0.36988000000000015,2866500,0.1924
2500,3000000,0.36988000000000015,2867000,0.1952
2500,3000000,0.36988000000000015,2867500,0.2088
2500,3000000,0.36988000000000015,2868000,0.172
2500,3000000,0.36988000000000015,2868500,0.2184
2500,3000000,0.36988000000000015,2869000,0.2324
2500,3000000,0.36988000000000015,2869500,0.2396
2500,3000000,0.36988000000000015,2870000,0.2044
2500,3000000,0.36988000000000015,2870500,0.2136
2500,3000000,0.36988000000000015,2871000,0.2224
2500,3000000,0.36988000000000015,2871500,0.2376
2500,3000000,0.36988000000000015,2872000,0.2264
2500,3000000,0.36988000000000015,2872500,0.2232
2500,3000000,0.36988000000000015,2873000,0.2516
2500,3000000,0.36988000000000015,2873500,0.2296
2500,3000000,0.36988000000000015,2874000,0.2016
2500,3000000,0.36988000000000015,2874500,0.244
2500,3000000,0.36988000000000015,2875000,0.1788
2500,3000000,0.36988000000000015,2875500,0.186
2500,3000000,0.36988000000000015,2876000,0.1632
2500,3000000,0.36988000000000015,2876500,0.2016
2500,3000000,0.36988000000000015,2877000,0.1728
2500,3000000,0.36988000000000015,2877500,0.22
2500,3000000,0.36988000000000015,2878000,0.2028
2500,3000000,0.36988000000000015,2878500,0.1916
2500,3000000,0.36988000000000015,2879000,0.1584
2500,3000000,0.36988000000000015,2879500,0.2052
2500,3000000,0.36988000000000015,2880000,0.2164
2500,3000000,0.36988000000000015,2880500,0.206
2500,3000000,0.36988000000000015,2881000,0.184
2500,3000000,0.36988000000000015,2881500,0.2116
2500,3000000,0.36988000000000015,2882000,0.1732
2500,3000000,0.36988000000000015,2882500,0.1696
2500,3000000,0.36988000000000015,2883000,0.1904
2500,3000000,0.36988000000000015,2883500,0.2412
2500,3000000,0.36988000000000015,2884000,0.2656
2500,3000000,0.36988000000000015,2884500,0.176
2500,3000000,0.36988000000000015,2885000,0.2056
2500,3000000,0.36988000000000015,2885500,0.1892
2500,3000000,0.36988000000000015,2886000,0.2152
2500,3000000,0.36988000000000015,2886500,0.2104
2500,3000000,0.36988000000000015,2887000,0.2312
2500,3000000,0.36988000000000015,2887500,0.2656
2500,3000000,0.36988000000000015,2888000,0.2272
2500,3000000,0.36988000000000015,2888500,0.2964
2500,3000000,0.36988000000000015,2889000,0.3444
2500,3000000,0.36988000000000015,2889500,0.326
2500,3000000,0.36988000000000015,2890000,0.2668
2500,3000000,0.36988000000000015,2890500,0.2292
2500,3000000,0.36988000000000015,2891000,0.2264
2500,3000000,0.36988000000000015,2891500,0.2196
2500,3000000,0.36988000000000015,2892000,0.208
2500,3000000,0.36988000000000015,2892500,0.2068
2500,3000000,0.36988000000000015,2893000,0.1768
2500,3000000,0.36988000000000015,2893500,0.2332
2500,3000000,0.36988000000000015,2894000,0.2652
2500,3000000,0.36988000000000015,2894500,0.2616
2500,3000000,0.36988000000000015,2895000,0.2188
2500,3000000,0.36988000000000015,2895500,0.2212
2500,3000000,0.36988000000000015,2896000,0.228
2500,3000000,0.36988000000000015,2896500,0.2012
2500,3000000,0.36988000000000015,2897000,0.2156
2500,3000000,0.36988000000000015,2897500,0.1748
2500,3000000,0.36988000000000015,2898000,0.2152
2500,3000000,0.36988000000000015,2898500,0.2388
2500,3000000,0.36988000000000015,2899000,0.2544
2500,3000000,0.36988000000000015,2899500,0.222
2500,3000000,0.36988000000000015,2900000,0.2408
2500,3000000,0.36988000000000015,2900500,0.2284
2500,3000000,0.36988000000000015,2901000,0.2588
2500,3000000,0.36988000000000015,2901500,0.232
2500,3000000,0.36988000000000015,2902000,0.26
2500,3000000,0.36988000000000015,2902500,0.2508
2500,3000000,0.36988000000000015,2903000,0.2436
2500,3000000,0.36988000000000015,2903500,0.2292
2500,3000000,0.36988000000000015,2904000,0.2108
2500,3000000,0.36988000000000015,2904500,0.214
2500,3000000,0.36988000000000015,2905000,0.2104
2500,3000000,0.36988000000000015,2905500,0.218
2500,3000000,0.36988000000000015,2906000,0.1756
2500,3000000,0.36988000000000015,2906500,0.2292
2500,3000000,0.36988000000000015,2907000,0.196
2500,3000000,0.36988000000000015,2907500,0.1884
2500,3000000,0.36988000000000015,2908000,0.2152
2500,3000000,0.36988000000000015,2908500,0.22
2500,3000000,0.36988000000000015,2909000,0.1752
2500,3000000,0.36988000000000015,2909500,0.1512
2500,3000000,0.36988000000000015,2910000,0.1724
2500,3000000,0.36988000000000015,2910500,0.2
2500,3000000,0.36988000000000015,2911000,0.1904
2500,3000000,0.36988000000000015,2911500,0.158
2500,3000000,0.36988000000000015,2912000,0.1804
2500,3000000,0.36988000000000015,2912500,0.12
2500,3000000,0.36988000000000015,2913000,0.144
2500,3000000,0.36988000000000015,2913500,0.1648
2500,3000000,0.36988000000000015,2914000,0.1228
2500,3000000,0.36988000000000015,2914500,0.144
2500,3000000,0.36988000000000015,2915000,0.152
2500,3000000,0.36988000000000015,2915500,0.172
2500,3000000,0.36988000000000015,2916000,0.1844
2500,3000000,0.36988000000000015,2916500,0.1952
2500,3000000,0.36988000000000015,2917000,0.1284
2500,3000000,0.36988000000000015,2917500,0.1544
2500,3000000,0.36988000000000015,2918000,0.1712
2500,3000000,0.36988000000000015,2918500,0.1524
2500,3000000,0.36988000000000015,2919000,0.1884
2500,3000000,0.36988000000000015,2919500,0.1672
2500,3000000,0.36988000000000015,2920000,0.162
2500,3000000,0.36988000000000015,2920500,0.1696
2500,3000000,0.36988000000000015,2921000,0.2092
2500,3000000,0.36988000000000015,2921500,0.214
2500,3000000,0.36988000000000015,2922000,0.23
2500,3000000,0.36988000000000015,2922500,0.2436
2500,3000000,0.36988000000000015,2923000,0.2636
2500,3000000,0.36988000000000015,2923500,0.2652
2500,3000000,0.36988000000000015,2924000,0.2312
2500,3000000,0.36988000000000015,2924500,0.2808
2500,3000000,0.36988000000000015,2925000,0.2228
2500,3000000,0.36988000000000015,2925500,0.2696
2500,3000000,0.36988000000000015,2926000,0.24
2500,3000000,0.36988000000000015,2926500,0.2672
2500,3000000,0.36988000000000015,2927000,0.2484
2500,3000000,0.36988000000000015,2927500,0.2216
2500,3000000,0.36988000000000015,2928000,0.25
2500,3000000,0.36988000000000015,2928500,0.2
2500,3000000,0.36988000000000015,2929000,0.1812
2500,3000000,0.36988000000000015,2929500,0.2368
2500,3000000,0.36988000000000015,2930000,0.2248
2500,3000000,0.36988000000000015,2930500,0.2432
2500,3000000,0.36988000000000015,2931000,0.24
2500,3000000,0.36988000000000015,2931500,0.2468
2500,3000000,0.36988000000000015,2932000,0.2268
2500,3000000,0.36988000000000015,2932500,0.2524
2500,3000000,0.36988000000000015,2933000,0.1816
2500,3000000,0.36988000000000015,2933500,0.2544
2500,3000000,0.36988000000000015,2934000,0.2364
2500,3000000,0.36988000000000015,2934500,0.2808
2500,3000000,0.36988000000000015,2935000,0.2232
2500,3000000,0.36988000000000015,2935500,0.2952
2500,3000000,0.36988000000000015,2936000,0.2244
2500,3000000,0.36988000000000015,2936500,0.2836
2500,3000000,0.36988000000000015,2937000,0.2784
2500,3000000,0.36988000000000015,2937500,0.2796
2500,3000000,0.36988000000000015,2938000,0.3188
2500,3000000,0.36988000000000015,2938500,0.322
2500,3000000,0.36988000000000015,2939000,0.3112
2500,3000000,0.36988000000000015,2939500,0.2968
2500,3000000,0.36988000000000015,2940000,0.2708
2500,3000000,0.36988000000000015,2940500,0.234
2500,3000000,0.36988000000000015,2941000,0.2288
2500,3000000,0.36988000000000015,2941500,0.2524
2500,3000000,0.36988000000000015,2942000,0.2756
2500,3000000,0.36988000000000015,2942500,0.2828
2500,3000000,0.36988000000000015,2943000,0.2936
2500,3000000,0.36988000000000015,2943500,0.3576
2500,3000000,0.36988000000000015,2944000,0.3412
2500,3000000,0.36988000000000015,2944500,0.3496
2500,3000000,0.36988000000000015,2945000,0.3012
2500,3000000,0.36988000000000015,2945500,0.3072
2500,3000000,0.36988000000000015,2946000,0.2984
2500,3000000,0.36988000000000015,2946500,0.3164
2500,3000000,0.36988000000000015,2947000,0.3556
2500,3000000,0.36988000000000015,2947500,0.3004
2500,3000000,0.36988000000000015,2948000,0.3532
2500,3000000,0.36988000000000015,2948500,0.2716
2500,3000000,0.36988000000000015,2949000,0.2148
2500,3000000,0.36988000000000015,2949500,0.222
2500,3000000,0.36988000000000015,2950000,0.2068
2500,3000000,0.36988000000000015,2950500,0.276
2500,3000000,0.36988000000000015,2951000,0.2544
2500,3000000,0.36988000000000015,2951500,0.3044
2500,3000000,0.36988000000000015,2952000,0.264
2500,3000000,0.36988000000000015,2952500,0.2264
2500,3000000,0.36988000000000015,2953000,0.2368
2500,3000000,0.36988000000000015,2953500,0.2884
2500,3000000,0.36988000000000015,2954000,0.2552
2500,3000000,0.36988000000000015,2954500,0.2288
2500,3000000,0.36988000000000015,2955000,0.2608
2500,3000000,0.36988000000000015,2955500,0.2484
2500,3000000,0.36988000000000015,2956000,0.2556
2500,3000000,0.36988000000000015,2956500,0.3228
2500,3000000,0.36988000000000015,2957000,0.3096
2500,3000000,0.36988000000000015,2957500,0.2928
2500,3000000,0.36988000000000015,2958000,0.3108
2500,3000000,0.36988000000000015,2958500,0.2916
2500,3000000,0.36988000000000015,2959000,0.2708
2500,3000000,0.36988000000000015,2959500,0.2968
2500,3000000,0.36988000000000015,2960000,0.3556
2500,3000000,0.36988000000000015,2960500,0.2996
2500,3000000,0.36988000000000015,2961000,0.3048
2500,3000000,0.36988000000000015,2961500,0.26
2500,3000000,0.36988000000000015,2962000,0.2836
2500,3000000,0.36988000000000015,2962500,0.2516
2500,3000000,0.36988000000000015,2963000,0.2388
2500,3000000,0.36988000000000015,2963500,0.282
2500,3000000,0.36988000000000015,2964000,0.3076
2500,3000000,0.36988000000000015,2964500,0.3444
2500,3000000,0.36988000000000015,2965000,0.3872
2500,3000000,0.36988000000000015,2965500,0.3292
2500,3000000,0.36988000000000015,2966000,0.3472
2500,3000000,0.36988000000000015,2966500,0.314
2500,3000000,0.36988000000000015,2967000,0.3532
2500,3000000,0.36988000000000015,2967500,0.3052
2500,3000000,0.36988000000000015,2968000,0.3224
2500,3000000,0.36988000000000015,2968500,0.326
2500,3000000,0.36988000000000015,2969000,0.2936
2500,3000000,0.36988000000000015,2969500,0.3716
2500,3000000,0.36988000000000015,2970000,0.3912
2500,3000000,0.36988000000000015,2970500,0.34
2500,3000000,0.36988000000000015,2971000,0.2612
2500,3000000,0.36988000000000015,2971500,0.2448
2500,3000000,0.36988000000000015,2972000,0.2604
2500,3000000,0.36988000000000015,2972500,0.2512
2500,3000000,0.36988000000000015,2973000,0.2216
2500,3000000,0.36988000000000015,2973500,0.2484
2500,3000000,0.36988000000000015,2974000,0.2264
2500,3000000,0.36988000000000015,2974500,0.1888
2500,3000000,0.36988000000000015,2975000,0.2444
2500,3000000,0.36988000000000015,2975500,0.22
2500,3000000,0.36988000000000015,2976000,0.238
2500,3000000,0.36988000000000015,2976500,0.182
2500,3000000,0.36988000000000015,2977000,0.1908
2500,3000000,0.36988000000000015,2977500,0.2256
2500,3000000,0.36988000000000015,2978000,0.24
2500,3000000,0.36988000000000015,2978500,0.2468
2500,3000000,0.36988000000000015,2979000,0.2208
2500,3000000,0.36988000000000015,2979500,0.2228
2500,3000000,0.36988000000000015,2980000,0.1884
2500,3000000,0.36988000000000015,2980500,0.1788
2500,3000000,0.36988000000000015,2981000,0.1972
2500,3000000,0.36988000000000015,2981500,0.1868
2500,3000000,0.36988000000000015,2982000,0.216
2500,3000000,0.36988000000000015,2982500,0.214
2500,3000000,0.36988000000000015,2983000,0.198
2500,3000000,0.36988000000000015,2983500,0.1368
2500,3000000,0.36988000000000015,2984000,0.1532
2500,3000000,0.36988000000000015,2984500,0.1504
2500,3000000,0.36988000000000015,2985000,0.1364
2500,3000000,0.36988000000000015,2985500,0.1356
2500,3000000,0.36988000000000015,2986000,0.1484
2500,3000000,0.36988000000000015,2986500,0.1212
2500,3000000,0.36988000000000015,2987000,0.1256
2500,3000000,0.36988000000000015,2987500,0.1484
2500,3000000,0.36988000000000015,2988000,0.1164
2500,3000000,0.36988000000000015,2988500,0.1388
2500,3000000,0.36988000000000015,2989000,0.138
2500,3000000,0.36988000000000015,2989500,0.1592
2500,3000000,0.36988000000000015,2990000,0.1564
2500,3000000,0.36988000000000015,2990500,0.1684
2500,3000000,0.36988000000000015,2991000,0.17
2500,3000000,0.36988000000000015,2991500,0.1472
2500,3000000,0.36988000000000015,2992000,0.13
2500,3000000,0.36988000000000015,2992500,0.1336
2500,3000000,0.36988000000000015,2993000,0.1684
2500,3000000,0.36988000000000015,2993500,0.1432
2500,3000000,0.36988000000000015,2994000,0.142
2500,3000000,0.36988000000000015,2994500,0.1308
2500,3000000,0.36988000000000015,2995000,0.1236
2500,3000000,0.36988000000000015,2995500,0.1416
2500,3000000,0.36988000000000015,2996000,0.1464
2500,3000000,0.36988000000000015,2996500,0.1496
2500,3000000,0.36988000000000015,2997000,0.164
2500,3000000,0.36988000000000015,2997500,0.1584
2500,3000000,0.36988000000000015,2998000,0.1504
2500,3000000,0.36988000000000015,2998500,0.2012
2500,3000000,0.36988000000000015,2999000,0.2208
2500,3000000,0.36988000000000015,2999500,0.1908
